8 16
-7 5 -4 -9 0 -4 2 -2 -8 -7 -1 8 3 -8 -9 7
-14 -7 -8 -38 -41 -60 -64 -33 -70 -33 -98 -31 -44 -71 -81 -2
77 35 49 27 63 26 11 29 62 35 22 67 11 73 84 24
83.15 -56.3 -35.87 -64.74 60.91 -10.2 99.56 -81.27 -31.38 91.7 -30.04 72.81 -76.95 -90.75 70.84 63.27
-96.64 -34.95 8.46000000000001 -82.71 -86.87 -41.43 61.24 38.95 95.82 -94.55 88.14 33.67 54.34 3.64 -59.57 37.5
10.87 -31.92 72.76 -28.22 57.88 35.84 -45.97 -73.49 27.54 23.99 99.32 50.6 -3.23999999999999 33.68 -22.61 0.120000000000005
62.26 85.86 -19.06 75.39 -92.05 -94.3 14.34 -96.22 74.67 -33.99 0.969999999999999 29.02 33.17 4.92 -33.48 -92.44
73.01 -97.2 -57.14 -5.59 38.65 -3.11 -15.56 -33.81 84.4 -52.71 80.31 -18.83 80.97 -42.29 44.81 6.75
-92.91 89.27 -54.33 78.56 94.97 23.53 45.86 69.65 53.06 -53.17 -37.81 -13.76 15.28 28.71 -42.68 -11.71
-4.97 0.189999999999998 82.7 -66.32 97.08 -32.85 -36.6 81.49 -22.04 -92.77 -73.82 -77.55 -71.54 34.51 29.21 -64.45
23.79 74.88 77.64 -17.72 -1.59 23.5 -48.07 -85 70.34 -22.36 1.24000000000001 -50.86 69.87 58.56 37.43 -35.09
-5546.08606089734 -472.92277001098 3961.53436209113 3535.60277971121 -7907.10256539638 1538.63975299241 7664.19797370529 6804.51360686259
