#     0: obj = -6676.000000
#     1: obj = -6676.000000
#     2: obj = -6676.000000
#     4: obj = -5991.758433
#     8: obj = -4676.336797
#    16: obj = -2189.583313
#    32: obj = -1136.588929
#    41: optimal, obj = -710.559127
# x* = 43.6158 -7 46.1841 27 17.7224 -60 11 5.16263 43.85 35 -47.3759 -4.48216 -44 -10.7446 -3.84375 -2 9.80468 23.8041 -27 -4 -75 5 13 72.8122 14 64 2.77249 -7.7251 -16 52.8129 26.5979 12 0 0 0 0 0 0 0 0 0 0 0 0 0 0 0 0
optimal
 0 -1 0 1 0 -1 1 0 0 1 0 0 -1 0 0 -1 0 0 -1 -1 -1 1 1 0 1 1 0 0 -1 0 0 1 1 1 -1 -1 1 1 -1 1 -1 1 1 1 1 1 -1 -1
