16 32
-7 5 -4 -9 0 -4 2 -2 -8 -7 -1 8 3 -8 -9 7 5 -4 6 0 -5 -3 -4 7 -8 -3 -7 -2 -2 1 2 -2
-14 -7 -8 -38 -41 -60 -64 -33 -70 -33 -98 -31 -44 -71 -81 -2 -30 -9 -27 -4 -75 -64 -71 -76 -55 -66 -50 -24 -16 -46 -40 -61
77 35 49 27 63 26 11 29 62 35 22 67 11 73 84 24 13 80 62 81 84 5 13 95 14 64 87 78 3 99 76 12
62.26 85.86 -19.06 75.39 -92.05 -94.3 14.34 -96.22 74.67 -33.99 0.969999999999999 29.02 33.17 4.92 -33.48 -92.44 73.01 -97.2 -57.14 -5.59 38.65 -3.11 -15.56 -33.81 84.4 -52.71 80.31 -18.83 80.97 -42.29 44.81 6.75
-92.91 89.27 -54.33 78.56 94.97 23.53 45.86 69.65 53.06 -53.17 -37.81 -13.76 15.28 28.71 -42.68 -11.71 -4.97 0.189999999999998 82.7 -66.32 97.08 -32.85 -36.6 81.49 -22.04 -92.77 -73.82 -77.55 -71.54 34.51 29.21 -64.45
23.79 74.88 77.64 -17.72 -1.59 23.5 -48.07 -85 70.34 -22.36 1.24000000000001 -50.86 69.87 58.56 37.43 -35.09 -77.73 -16.35 -1.41 -80.64 14.32 25.51 64.37 92.28 32.75 54.07 -85.26 61.21 -11.42 43.95 60.29 -87.63
-17.65 37.93 -41.82 44.28 -38.57 10.11 59.28 95.29 87.76 -75.96 -55.57 57.63 46.13 45.38 86.06 68.4 -70.96 -51.82 51.28 6.88 73.69 -20.83 -0.829999999999998 -30.04 -66.76 -22.57 94.7 21.83 84.9 54.99 -2.28 -32.75
-43.56 55.9 75.05 -18.61 -70.46 -2.14 -23.31 80.82 -14.58 -15.36 1.97 95.07 93.55 -11.96 63.48 86.11 36.22 -21.72 -7.01000000000001 -26.57 57.46 55.68 43.4 54.22 -66.89 38.1 -23.95 -81.99 -43.39 37.3 -51.22 13.05
-6.8 87.36 94.44 -13.74 -14.78 -65.35 -32.92 34.16 -17.18 32.58 29.24 -23.63 -79.38 -43.76 -74 20.36 34.52 18.99 93.79 -44.5 -25.32 0.710000000000008 -90.27 -28.69 -61.19 -50.7 -10.67 -41.06 86.6 1.63 71.99 -20.19
-11.01 29.96 29.59 37.73 28.13 96.68 -28.1 -89.05 29.26 64.66 -49.16 13.4 -79.1 -23.16 -66.24 55.42 59.36 91.07 74.45 97.56 -8.20999999999999 84.18 -31.13 -5.88 -66.52 21.72 16.59 -79.91 -76.64 -47.9 -36.58 -24.13
82.06 93.01 77.13 -26.28 53.21 -87.45 -51.81 -54.01 77.21 -0.959999999999994 59.39 98.11 39.4 56.67 17.05 -37.72 11.27 -8.5 -40.16 66.58 -60.8 -7.76000000000001 -75.78 -27.31 -86.04 40.81 -43.7 -99.16 92.92 19.72 -23.28 38.5
-23.75 -46.15 -87.78 92.99 -33.6 -39.58 -61.02 -92.87 22.98 61.9 -94.76 -74.1 -17.91 -14.19 -11.81 93.36 77.32 11.55 59.94 80.04 -96.21 47.69 -47.27 -82.24 -11.5 -27.45 -81.4 -18.58 55.79 -41.16 -80.07 -67.95
-23.79 95.67 -74.96 6.13 -80.39 -72.46 13.26 42.59 89.44 -17.98 32.02 -64.94 67.84 -79.79 -71.58 8.68000000000001 -4.72 51.89 -11.28 -0.920000000000002 -0.420000000000002 4.98 -19.64 88.08 77.53 -37.52 -66.97 33.33 21.33 -83.52 28.9 97.54
75.67 17.46 3.68000000000001 95.29 45 80.46 37.88 -2.03 -37.51 -30.1 33.03 -69.67 -46.37 24.97 2.53 48.92 -23.14 91.25 -88.48 39.96 -40.25 -8.12 -8.42999999999999 -62.71 54.36 24.6 34.14 -60.79 4.60000000000001 -36.96 -99.72 -19.73
80.5 -32.52 -24.44 -10.98 -52.06 76.97 86.99 10.43 -89.61 20.02 4.28 -35.97 -55 -93.19 76.47 -14.62 61.59 51.51 -74.65 -78.66 -56.61 16.92 -77.85 61.27 -94.96 56.29 -99.51 9.64 82.85 64.29 53.43 63.35
-68.23 -71 -47.62 -20.29 69.49 -97.11 53.67 79.88 22.92 -42.05 -92.57 31.44 -71.71 83.9 -83.18 53.4 35.41 -94.31 38.26 42.32 22.61 60.42 3.60000000000001 -8.83 -19.77 -32.39 -99.19 -36.91 -68.1 54.25 89.96 -36.33
46.77 -57.66 6.90000000000001 16.26 -54.76 -39.43 -3.86 31.68 -17.95 3.58 -36.88 -26.14 -49 -56.54 -72.74 49.94 -50.84 65.52 -44.22 35.29 -10.54 22.9 -73.53 69.7 90.51 90.8 96.31 85.93 8.57000000000001 86.27 -86.88 -81.14
92.14 -16.45 35.12 -99.1 44.12 94.79 -3.89999999999999 89.69 -38.11 22.74 -36.45 -23.59 66.2 -45.67 89.87 78.88 83.38 -54.34 -22.3 -27.16 68.56 4.17 -93.94 22.6 -41.51 -97.63 -27.95 30.59 52.17 -14.82 49.45 7.83
68.73 -15.42 8.73 -23.63 -57.11 -95.17 -33.93 4.78 27.57 -6.86 44.71 -42.71 11 34.59 -63.82 -5.62 80.25 13.88 30.74 12.33 81.57 36.81 -65.07 -96.42 2.7 6.99000000000001 34.17 -81.61 55.69 -16.37 26.22 -12.06
3774.12 16084.29 3209.27 2068.46 24019.6 13967.3 -6433.39 42836.44 -19329.23 13143.01 -17854.91 6996.46 -15062.04 -15522.18 45128.28 1981
