#     0: obj = -10728.000000
#     1: obj = -10728.000000
#     2: obj = -9580.130605
#     4: obj = -8504.277095
#     8: obj = -7965.900251
#    16: obj = -6259.235930
#    32: obj = -4589.806204
#    50: optimal, obj = -4380.178742
# x* = -14 -7 -8 27 -5.52314 26 11 -11.4222 -15.2542 0.177073 -61.4102 -31 11 73 -81 3.20778 -10.1188 7.52709 -27 35.2712 84 5 13 -76 -6.64173 64 87 66.8457 -16 -46 -40 -28.8354 94 -5 4.82089 -3 -8 -70.595 43.7868 -30.3886 31 -3 9 56 50.7862 35.3623 -41.5997 29 50.3347 15 0 0 0 0 0 0 0 0 0 0 0 0 0 0 0 0 0 0 0 0
optimal
 -1 -1 -1 1 0 1 1 0 0 0 0 -1 1 1 -1 0 0 0 -1 0 1 1 1 -1 0 1 1 0 -1 -1 -1 0 1 -1 0 -1 -1 0 0 0 1 -1 1 1 0 0 0 1 0 1 -1 -1 1 1 1 -1 -1 1 -1 1 -1 1 1 1 -1 1 1 1 -1 1
