20 50
-7 5 -4 -9 0 -4 2 -2 -8 -7 -1 8 3 -8 -9 7 5 -4 6 0 -5 -3 -4 7 -8 -3 -7 -2 -2 1 2 -2 -4 9 4 -9 7 6 -4 -1 -10 7 -9 -3 7 -5 9 1 -7 -2
-14 -7 -8 -38 -41 -60 -64 -33 -70 -33 -98 -31 -44 -71 -81 -2 -30 -9 -27 -4 -75 -64 -71 -76 -55 -66 -50 -24 -16 -46 -40 -61 -14 -5 -22 -3 -8 -99 -59 -56 -71 -3 -25 -33 -47 -94 -76 -68 -81 -92
77 35 49 27 63 26 11 29 62 35 22 67 11 73 84 24 13 80 62 81 84 5 13 95 14 64 87 78 3 99 76 12 94 70 67 2 52 80 65 19 31 71 9 56 86 83 28 29 70 15
-36.6 -50.86 -17.65 -20.83 1.97 13.05 -78.3 -90.27 13.4 82.06 -7.76000000000001 -94.76 -67.95 -0.420000000000002 -30.1 -99.72 -78.66 22.92 54.25 -44.22 89.69 52.17 13.88 -57.08 30.02 -51.43 -62.32 47.62 68.36 -78.05 -26.79 -49.18 -26.65 53.34 -8.86 -85.06 4.15000000000001 76.85 -90.72 -33.49 70.17 -50 -22.84 -91.29 14.89 -98.17 93.55 -89.25 -19.89 39.33
81.49 69.87 37.93 -0.829999999999998 95.07 -6.8 40.8 -28.69 -79.1 93.01 -75.78 -74.1 -23.79 4.98 33.03 -19.73 -56.61 -42.05 89.96 35.29 -38.11 -14.82 30.74 -42.09 22.31 -2.56 -10.07 57.75 69.63 46.39 82.7 -5.64999999999999 58.21 -73.02 13.38 91.81 -29.43 -9.14 -34.18 31.49 26.41 -76.75 -81.48 -27.2 -89.68 -39.61 -48.45 -16.36 -10.33 -32.03
-22.04 58.56 -41.82 -30.04 93.55 87.36 -524.16 -61.19 -23.16 77.13 -27.31 -17.91 95.67 -19.64 -69.67 80.5 16.92 -92.57 -36.33 -10.54 22.74 49.45 12.33 -49.43 -38.61 34.99 -50.82 -29.12 50.55 -70.51 49.84 12.32 74.57 9.91 -40.11 -39.19 97.08 -57.15 -33.79 -90.9 27.35 -90.03 18.5 69.87 41.54 -30.31 77.93 -79.58 -30.88 24.96
-92.77 37.43 44.28 -66.76 -11.96 94.44 -566.64 -50.7 -66.24 -26.28 -86.04 -14.19 -74.96 88.08 -46.37 -32.52 -77.85 31.44 46.77 22.9 -36.45 7.83 81.57 51.15 -82.04 -0.890000000000001 28.05 29.19 -29.1 -88.8 -58.28 -7.95999999999999 -6.34999999999999 63.76 94.26 46.03 -94.05 9.3 -56.9 -94.72 -6.31999999999999 82.83 -63.38 58.56 61.04 -84.65 84.68 56.24 1.92 34.18
-73.82 -35.09 -38.57 -22.57 63.48 -13.74 82.44 -10.67 55.42 53.21 40.81 -11.81 6.13 77.53 24.97 -24.44 61.27 -71.71 -57.66 -73.53 -23.59 68.73 36.81 15.21 -45.96 -98.73 68.82 57.1 -61.42 -90.33 44.27 -70.46 -72.53 88.98 -19.33 57.2 99.99 59.9 79.55 6.39 12.98 -15.88 54.82 -34.1 98.75 -98.48 -18.44 -73.41 -82.71 31.41
-77.55 -77.73 10.11 94.7 86.11 -14.78 88.68 -41.06 59.36 -87.45 -43.7 93.36 -80.39 -37.52 2.53 -10.98 -94.96 83.9 6.90000000000001 69.7 66.2 -15.42 -65.07 61.57 -76.62 -60.5 -51.78 -32.68 81.3 -97.74 -57.66 4.43000000000001 11.71 27.15 -48.53 24.33 -80.38 45.83 8.88 -16.02 81.84 -38.73 3.99000000000001 83.41 36.79 26.21 -90.4 -60.81 -90.98 -18.47
-71.54 -16.35 59.28 21.83 36.22 -65.35 392.1 86.6 91.07 -51.81 -99.16 77.32 -72.46 -66.97 48.92 -52.06 56.29 -83.18 16.26 90.51 -45.67 8.73 -96.42 -14.26 45.8 -47.64 69.82 2.94 49.04 -32.37 20.4 18.98 17.76 -89.48 52.23 -20.18 22.97 73.14 42.25 -81.12 31.95 83.82 62.17 -60.3 -38.59 -56.07 -70.67 62.89 68.68 17.26
34.51 -1.41 95.29 84.9 -21.72 -32.92 197.52 1.63 74.45 -54.01 92.92 11.55 13.26 33.33 -23.14 76.97 -99.51 53.4 -54.76 90.8 89.87 -23.63 2.7 14.91 92.18 75.6 -32.83 10.17 85.71 -23.23 -27.17 -45.14 -97.31 -48.29 67.87 1.81 -25.17 14.76 -31.85 66.1 67.76 -45.79 -48.46 -46.48 34.12 17.9 88.23 -41.56 -18.69 54.74
29.21 -80.64 87.76 54.99 -7.01000000000001 34.16 -204.96 71.99 97.56 77.21 19.72 59.94 42.59 21.33 91.25 86.99 9.64 35.41 -39.43 96.31 78.88 -57.11 6.99000000000001 -80.53 90.21 -21.82 -59.7 -96.54 26.61 5.96000000000001 0.719999999999999 56.4 -47.82 81.89 22.31 74.87 57.76 41.16 45.7 23.93 58.05 46.93 -88.27 -23.35 25.38 72.89 -67.14 34.69 -49.98 69.8
-64.45 14.32 -75.96 -2.28 -26.57 -17.18 103.08 -20.19 -8.20999999999999 -0.959999999999994 -23.28 80.04 89.44 -83.52 -88.48 10.43 82.85 -94.31 -3.86 85.93 83.38 -95.17 34.17 -70.49 39.7 51.05 30.93 -97.65 -3.67 -60.19 -26.02 -57.22 87.01 15.59 65.32 94.15 -98.46 58.2 -65.63 -14.23 52.66 93.34 90.15 55.11 49.69 1.09 31.71 12.38 -68.26 -46.07
23.79 25.51 -55.57 -32.75 57.46 32.58 -195.48 -11.01 84.18 59.39 38.5 -96.21 -17.98 28.9 39.96 -89.61 64.29 38.26 31.68 8.57000000000001 -54.34 -33.93 -81.61 92.31 98.62 5.63 15.74 11.37 -3.14999999999999 -91.35 -41.7 -8.41 -82.97 25.06 21.22 92.96 -10.23 -81.08 -91.47 38.9 -65.72 -75.61 -34.94 30.69 6.36 96.31 53.58 -84.49 -7.92999999999999 -65.15
74.88 64.37 57.63 -43.56 55.68 29.24 -175.44 29.96 -31.13 98.11 -23.75 47.69 32.02 97.54 -40.25 20.02 53.43 42.32 -17.95 86.27 -22.3 4.78 55.69 50.21 -51.88 -99.51 1.26000000000001 -43.09 -52.11 -24.4 -89.37 2.62 46.53 40.1 12.81 -11.75 13.09 75.25 -99.92 89.76 -10.46 -26.66 98.51 -4.83 61.7 46.73 -43.23 49.76 -2.81999999999999 -40.52
77.64 92.28 46.13 55.9 43.4 -23.63 141.78 29.59 -5.88 39.4 -46.15 -47.27 -64.94 75.67 -8.12 4.28 63.35 22.61 3.58 -86.88 -27.16 27.57 -16.37 5.37 53.79 -87.56 -34.07 -48.47 30.73 90.36 3.47 92.62 -0.670000000000002 -9.84 -61.25 -45.96 -74.13 55.28 -22.78 51.99 25.28 -15.79 63.64 -26.39 19.56 -57.36 -98.6 -46.17 -47.84 23.05
-17.72 32.75 45.38 75.05 54.22 -79.38 476.28 37.73 -66.52 56.67 -87.78 -82.24 67.84 17.46 -8.42999999999999 -35.97 -68.23 60.42 -36.88 -81.14 68.56 -6.86 26.22 37.4 49.77 -12.89 -85.14 -60.57 -73.96 -20.45 -30.5 -3.17 9.07000000000001 82.24 -51.5 87.22 99.32 88.39 17.83 45.52 -96.92 -18.41 -52.1 30.83 -71.56 57.35 32.45 -99.81 -88.17 0.299999999999997
-1.59 54.07 86.06 -18.61 -66.89 -43.76 262.56 28.13 21.72 17.05 92.99 -11.5 -79.79 3.68000000000001 -62.71 -55 -71 3.60000000000001 -26.14 92.14 4.17 44.71 -12.06 -49.46 26.85 -81.95 2.53 -74.27 68.51 -22.3 -79.7 -89.59 39.59 31.09 1.79000000000001 68.92 -66.18 75.25 23.5 69.31 95.93 49.85 -17.37 -86.49 -72.4 45.48 -78.19 -68.67 23.77 -59.71
23.5 -85.26 68.4 -70.46 38.1 -74 444 96.68 16.59 -37.72 -33.6 -27.45 -71.58 95.29 54.36 -93.19 -47.62 -8.83 -49 -16.45 -93.94 -42.71 31.73 40.3 15.36 99.34 5.43000000000001 -36.72 98.05 35.18 5.73 98.48 67.28 65.39 65.9 5.51000000000001 50.21 74.9 86.57 -39.13 72.78 -70.43 -75.09 41.12 -33.51 42.95 27.61 -36.57 -45.13 -4.41
-48.07 61.21 -70.96 -2.14 -23.95 20.36 -122.16 -28.1 -79.91 11.27 -39.58 -81.4 8.68000000000001 45 24.6 76.47 -20.29 -19.77 -56.54 35.12 22.6 11 98.47 40.98 99.04 -67.09 -69.26 -90.75 -7.5 92.11 37.14 -82.77 -71.94 0 -77.46 2.97 -57.34 11.36 -9.03 -12.23 -78.03 -86.46 -68.28 -7 -31.86 -81.23 39.9 93.04 74.72 -31.02
-85 -11.42 -51.82 -23.31 -81.99 34.52 -207.12 -89.05 -76.64 -8.5 -61.02 -18.58 -4.72 80.46 34.14 -14.62 69.49 -32.39 -72.74 -99.1 -41.51 34.59 64.31 53.25 -58.24 73.75 -21.86 -7.09 -21.32 -36.58 -39.41 -16.76 57.97 33.78 53.5 0.320000000000007 35.63 -86.4 -61.73 -99.01 25.55 17.61 0.370000000000005 -34.94 -55.35 -56.87 3.23 -80.44 45.73 21.6
70.34 43.95 51.28 80.82 -43.39 18.99 -113.94 29.26 -47.9 -40.16 -92.87 55.79 51.89 37.88 -60.79 61.59 -97.11 -99.19 49.94 44.12 -97.63 -63.82 74.62 -89.19 34.83 89.55 47.13 -32.9 65.03 -74.68 75.22 -37.28 -12.8 81.09 11.31 91.34 -11.4 -3.81999999999999 -8.73999999999999 -93.43 -3.28 87.62 35.37 16.38 43.14 -31.67 0.5 -40.19 89.57 45.62
-22.36 60.29 6.88 -14.58 37.3 93.79 -562.74 64.66 -36.58 66.58 22.98 -41.16 -11.28 -2.03 4.60000000000001 51.51 53.67 -36.91 -50.84 94.79 -27.95 -5.62 66.82 -24.84 92.07 36.14 81.79 40.18 -5.14999999999999 -48.04 40.47 -8.78 -29.16 -49.47 38.13 -68.19 -63.18 -23.57 -87.31 -14.34 7.74000000000001 29.72 88.59 -53.33 -76.74 31.98 -59 24.75 -49.38 -35.76
-8547.51779839002 -3238.93442874517 17188.8593876252 19416.3991710425 -7127.22982739599 5077.24970752705 -1155.25650450982 265.468773714784 -11019.8246946836 27271.2117959887 -20658.1447780158 738.668988596457 -22833.8547341338 -10675.3115927827 -1900.66251291943 -3040.79342443521 -19951.3695737201 13235.8228617662 27252.14484565 3428.61965473181
