30 70
-7 5 -4 -9 0 -4 2 -2 -8 -7 -1 8 3 -8 -9 7 5 -4 6 0 -5 -3 -4 7 -8 -3 -7 -2 -2 1 2 -2 -4 9 4 -9 7 6 -4 -1 -10 7 -9 -3 7 -5 9 1 -7 -2 -10 -7 -4 5 -6 0 4 4 -7 -5 2 -2 4 5 5 -2 -2 -6 3 -10
-14 -7 -8 -38 -41 -60 -64 -33 -70 -33 -98 -31 -44 -71 -81 -2 -30 -9 -27 -4 -75 -64 -71 -76 -55 -66 -50 -24 -16 -46 -40 -61 -14 -5 -22 -3 -8 -99 -59 -56 -71 -3 -25 -33 -47 -94 -76 -68 -81 -92 -51 -82 -49 -21 -72 -7 -36 -13 -9 -41 -49 -25 -79 -71 -7 -57 -71 -57 -62 -96
77 35 49 27 63 26 11 29 62 35 22 67 11 73 84 24 13 80 62 81 84 5 13 95 14 64 87 78 3 99 76 12 94 70 67 2 52 80 65 19 31 71 9 56 86 83 28 29 70 15 96 45 21 88 41 0 24 56 27 36 37 7 58 37 18 11 76 63 6 18
51.28 -21.72 34.52 55.42 17.05 -14.19 67.84 -69.67 4.28 -42.05 -17.95 89.69 -33.93 93.9 39.7 36.14 -96.54 65.03 -27.17 -16.76 -89.48 -77.46 -80.38 74.9 6.39 95.93 767.44 3.99000000000001 41.12 -98.48 -78.19 1.92 0.299999999999997 94.21 -24.85 43.15 302.05 -62.13 91.56 -66.3 -96.44 6.35000000000001 31.65 -55.14 -79.65 79.14 7.75 94.51 -77.1 41.07 59.49 -28.73 -4.97 77.55 66.2 -62.95 -48.1 -89.13 47.82 -89.11 30.08 -58.31 9.60000000000001 -95.5 -64.42 93.53 2.10000000000001 90.67 -30.99 -26.76
6.88 -7.01000000000001 18.99 59.36 -37.72 -11.81 -79.79 -46.37 -35.97 -92.57 3.58 -38.11 4.78 -57.08 98.62 35.89 -97.65 -5.14999999999999 0.719999999999999 -37.28 -48.29 53.5 22.97 11.36 -16.02 72.78 582.24 62.17 -7 26.21 27.61 -82.71 -59.71 -23.33 13.49 -95.65 -669.55 -51.01 16.08 67.94 9.52 92.95 19.86 30.18 59.51 -14.15 19.82 97.16 -40.5 -69.28 -94.71 38.78 48.87 -43.39 -5.91 20 51.4 69.25 -97.18 -72.19 57.67 -52.05 49.46 97.81 76.01 -76.87 -54.36 88.63 -8.36 -72.81
73.69 -26.57 93.79 91.07 11.27 93.36 -71.58 24.97 -55 31.44 -36.88 22.74 27.57 -42.09 -51.88 -62.32 11.37 90.06 -26.02 -8.78 81.89 11.31 -25.17 -86.4 -81.12 -78.03 -624.24 -48.46 -34.94 -56.07 39.9 -90.98 -4.41 -21.71 99.15 10.87 76.09 55.51 70.69 55.68 76.45 -84.02 -16.98 87.52 81.07 -12.25 45.44 -46.39 -13.07 33.91 -44.77 27.28 12.54 -9.09999999999999 -11.37 -4.38 96.34 61.57 5.23 64.39 -37.23 5.63 -22.01 19.26 23.02 -83.38 57.38 51.04 -53.36 -51.04
-20.83 57.46 -44.5 74.45 -8.5 77.32 8.68000000000001 2.53 -93.19 -71.71 -26.14 -36.45 -6.86 -49.43 53.79 -10.07 -43.09 -78.05 -41.7 41.54 15.59 38.13 57.76 -3.81999999999999 66.1 25.55 204.4 -88.27 16.38 17.9 3.23 68.68 -31.02 -73.29 1.86 -91.47 -640.29 -74.11 -82.55 -48.85 -45.28 61.07 -43.75 -35.37 -15.02 -72.35 35.4 -6.56999999999999 16.33 -42.6 -83.1 -48.31 46.73 -12.2 -46 -45.43 6.47 17.35 -71.31 -60.42 69.66 -88.65 -15.53 -47.5 -48.4 -54.87 47.23 37.9 70.43 -56.33
-0.829999999999998 55.68 -25.32 97.56 -40.16 11.55 -4.72 48.92 76.47 83.9 -49 -23.59 44.71 51.15 49.77 -50.82 -48.47 46.39 -89.37 -26.65 25.06 -21.43 -98.46 -23.57 23.93 -3.28 -26.24 90.15 -53.33 72.89 0.5 -18.69 21.6 61.8 -61.19 -93.31 -653.17 -86.14 29.95 -38.59 34.46 27.41 -89.21 40.98 0.490000000000009 49.86 -66.8 -69.63 -46.61 -15.89 -47.08 91.7 40.57 60.71 -81.68 38.32 -46.75 86.02 52.36 80.17 1.36 49.31 -37.71 -76.38 99.63 86.28 -68.07 84.08 -24.28 -33.56
-30.04 43.4 0.710000000000008 -8.20999999999999 66.58 59.94 51.89 -23.14 -14.62 -83.18 -56.54 66.2 -42.71 15.21 26.85 28.05 -60.57 -70.51 3.47 58.21 40.1 -85.06 -10.23 3.37 -14.23 7.74000000000001 61.9200000000001 -34.94 -6.36 1.09 -59 -49.98 45.62 87.43 50.11 -75.5 -528.5 3.53 -25.78 93.42 33.39 49.37 95.91 46.95 -8.45999999999999 79.3 -11.74 41.87 -71.2 26.23 81.47 -27.73 84.81 -60.77 27.86 -76.52 -80.17 44.92 -49.85 78.06 -95.65 -26.49 15.02 -65.72 20.82 0.960000000000008 -41.66 72.9 -80.45 -67.97
-66.76 54.22 -90.27 84.18 -60.8 80.04 -11.28 91.25 61.59 53.4 -72.74 -45.67 11 61.57 15.36 68.82 -74.27 -88.8 -30.5 74.57 -9.84 91.81 13.09 -90.72 38.9 -35.55 -284.4 98.51 14.89 96.31 -0.459999999999994 -68.26 -35.76 -9.05 56.34 64.87 454.09 94.26 -88.29 -73.61 -18.89 -94.3 -74.53 -9.89999999999999 38.61 66.26 -34.82 58.61 -25.06 -4.13 -23.71 27.98 -61.77 26.03 80.04 -65.39 4.61 85.48 -85.83 -46.25 86.93 61.8 -53.72 -1.22 50.38 95.51 6.26000000000001 -92.32 78.11 85.3
-22.57 -66.89 -28.69 -31.13 -7.76000000000001 -96.21 -0.920000000000002 -88.48 51.51 35.41 49.94 89.87 34.59 -14.26 99.04 -51.78 -36.72 -90.33 -79.7 -6.34999999999999 82.24 -39.19 -74.13 -34.18 89.76 -50 -400 63.64 -89.68 46.73 -89.25 -7.92999999999999 77.19 38.99 41.33 48.02 336.14 -30.52 62.95 -75.63 58.83 -50.24 -75.93 65.05 -70.94 78.92 75.65 -93.98 -77.07 -29.43 23.49 15.2 -80.71 80 98.33 0.170000000000002 16.94 2.96000000000001 -81.16 99.01 0.370000000000005 -86.8 -24.51 -37.36 -37.73 -51.44 -55.99 91.61 -32.67 -2.70999999999999
94.7 38.1 -61.19 -5.88 -75.78 47.69 -0.420000000000002 39.96 -74.65 -94.31 -50.84 78.88 -63.82 14.91 -58.24 69.82 -90.75 -97.74 5.73 -72.53 31.09 46.03 99.32 -33.79 51.99 -76.75 -614 -52.1 41.54 -57.36 -16.36 -2.81999999999999 -57.2 -69.76 43.87 68.37 478.59 -52.06 -14.31 -57.37 76.03 25.4 -15.16 -68.21 23.34 -33.84 17.94 -40.19 -47.87 78.36 23.35 95.63 43.96 83.2 -25.42 -1.92999999999999 -18.58 89.86 -96.47 45.11 49.46 -77.03 37.99 35.79 -79.86 21.1 79.45 52.35 35.42 67.46
21.83 -23.95 -50.7 -66.52 -27.31 -47.27 4.98 -40.25 -78.66 38.26 65.52 83.38 -5.62 -80.53 34.83 -32.83 -7.09 -32.37 37.14 11.71 65.39 57.2 -66.18 -56.9 45.52 -90.03 -720.24 -17.37 61.04 57.35 -79.58 -47.84 16.41 70.88 27.22 -44.38 -310.66 -69.64 -94.41 -68.02 -23.39 -54.16 -28.69 61.42 0.0300000000000011 -33.71 -5.01000000000001 -46.4 28.54 87.93 -35.78 92.21 -69.56 20 -36.44 -38.31 66.3 15.3 -7.01000000000001 46.74 -2.81 -41 5.28 67.58 17.96 -23.01 83.25 90.93 32.56 17.86
84.9 -81.99 -10.67 21.72 -86.04 -82.24 -19.64 -8.12 -56.61 42.32 -44.22 -54.34 80.25 -70.49 92.07 -59.7 -32.9 -23.23 -39.41 17.76 0 24.33 50.21 79.55 69.31 82.83 662.64 -75.09 98.75 45.48 56.24 -88.17 89.02 -8.45999999999999 -67.13 80.89 566.23 -14.94 -51.99 -64.1 58.25 -91.99 95.61 60.66 53.25 -4.31 -28.66 -59.12 -36.18 34.39 -78.6 36.6 19.42 -0.579999999999998 -38.73 24.97 -58.09 8.40000000000001 27.24 -10.22 53.67 66.88 -94.11 -31.47 -5.67 6.41 13.94 5.55 36.4 -66.3
54.99 -43.39 -41.06 16.59 40.81 -11.5 88.08 -8.42999999999999 16.92 22.61 35.29 -22.3 13.88 92.31 97.59 30.93 40.18 5.96000000000001 75.22 -97.31 33.78 -20.18 -57.34 8.88 -39.13 -15.88 -127.04 -68.28 36.79 42.95 -73.41 23.77 30.1 23.86 -32.27 -63.9 -447.3 71.07 -43.24 -0.609999999999999 -24.58 -99.17 -50.81 -19.02 67.84 97.52 15.46 38.79 54.44 32.81 -80.32 78.83 22.8 -30.48 44.1 -94.31 -49.37 -59.51 -92.46 52.65 2.12 -11.39 90.13 -10.56 9.58 -69.31 73.66 26.01 -75.04 55.94
-2.28 37.3 86.6 -79.91 -43.7 -27.45 77.53 -62.71 -77.85 60.42 -10.54 -27.16 30.74 50.21 -51.43 15.74 72.17 -60.19 40.47 -47.82 81.09 1.81 35.63 42.25 -12.23 -38.73 -309.84 0.370000000000005 -38.59 -81.23 -60.81 -45.13 34.8 5.69 96.43 -47.95 -335.65 -39.08 -33.48 -37.98 2.16 48 -80.69 44.25 -55.72 -25.91 69.08 86.2 14.75 -33.8 30.43 -13.84 -19.88 -99.88 -36.32 25.38 -44.8 70.51 -36.5 73.77 -29.04 29.96 98.76 66.34 -15.7 24.81 8.06 -37.49 58.59 -23.55
-32.75 -51.22 1.63 -76.64 -99.16 -81.4 -37.52 54.36 61.27 3.60000000000001 22.9 68.56 12.33 5.37 -2.56 1.26000000000001 68.36 -91.35 -30.76 87.01 -49.47 74.87 -11.4 -31.85 -99.01 83.82 670.56 35.37 34.12 -56.87 62.89 74.72 27.26 82.32 -84.81 59.6 417.2 -45.83 -34.29 -34.87 -76.61 94.92 90.53 14.72 -32.03 63.66 98.53 -60.59 3.23 -98.86 -77.45 22.67 -57.91 5.04000000000001 66.31 -8.72 33.2 -94.88 32.36 85.66 39.34 -30.26 -24.37 7.69 65.54 -28.05 85.89 -8.56 91.36 88.58
-43.56 13.05 71.99 -47.9 92.92 -18.58 -66.97 24.6 -94.96 -8.83 -73.53 4.17 81.57 37.4 34.99 -34.07 69.63 -24.4 -49.18 -82.97 50.81 94.15 -63.18 45.7 -93.43 -45.79 -366.32 88.59 25.38 -31.67 -41.56 45.73 -24.17 99.69 -32.58 -32.96 -230.72 96.64 -46.6 16.31 91.74 56.09 -94.72 -50.22 -82.37 -84.85 30.62 -67.07 87.38 -16.29 3.39 -17.77 68.55 -61.93 45.69 51.39 65.54 69.56 77.1 29.76 95.4 -15.99 -62.34 27.11 -63.31 -69.1 -95.44 -5.89999999999999 -17.42 -61.48
55.9 -6.8 -20.19 -36.58 19.72 55.79 33.33 34.14 56.29 -19.77 69.7 -93.94 36.81 -49.46 -0.890000000000001 -85.14 50.55 90.36 -5.64999999999999 46.53 -8.86 92.96 -7.89 -65.63 -14.34 46.93 375.44 -11.72 49.69 31.98 34.69 89.57 -12.11 57.1 53.54 69.11 483.77 59.21 89.25 -48.72 53.44 -35.04 -15.73 -71.47 -63.67 -26.05 -56.97 -70.76 7.51000000000001 73.71 -32.34 53.82 97.47 97.59 -38.72 50.18 -94.62 75.89 -97.08 76.69 -88.83 41.14 39.9 -30.23 54.07 -21.11 50.47 76.51 35.1 75.08
75.05 87.36 -11.01 -24.13 -23.28 -41.16 21.33 -60.79 -99.51 -32.39 90.51 22.6 -65.07 40.3 -98.73 2.53 -29.1 -20.45 12.32 -0.670000000000002 13.38 -11.75 76.85 -91.47 -90.48 93.34 746.72 -91.29 6.36 49.49 12.38 -49.38 41.4 23.73 2.44 -74.43 -521.01 -11.8 17.43 82.57 -94.04 64.4 54.94 -30.34 1.15000000000001 -71.67 -73.14 -33.72 69.51 34.18 20.25 -57.08 -51.46 53.58 -16.59 74.7 -28.58 -23.46 72.42 21.61 -39.05 30.69 69.84 -58.95 -93.41 -21.46 -72.05 -17.09 -25.72 -37.14
-18.61 94.44 29.96 82.06 38.5 -80.07 -83.52 4.60000000000001 9.64 -99.19 90.8 -41.51 -96.42 40.98 -60.5 5.43000000000001 -61.42 -22.3 -7.95999999999999 9.07000000000001 -40.11 -45.96 -9.14 -99.92 70.17 -75.61 -604.88 -27.2 61.7 93.55 -84.49 61.25 -62.92 -99.7 -68.76 -1.70999999999999 -11.97 84.8 -98.28 18.04 -26.7 -70.61 98.19 -52.03 -34.4 -55.72 38.42 71.35 58.73 -94.04 9.36 55.11 23.66 25.25 -65.54 85.85 14.92 -15.52 -38.42 91.34 86.74 -65.72 -28.06 62.57 99.27 93.69 98.26 -44.12 38.46 76.98
-70.46 -13.74 29.59 93.01 -23.75 -67.95 28.9 -36.96 82.85 -36.91 96.31 -97.63 2.7 53.25 -47.64 -69.26 81.3 35.18 -70.46 39.59 94.26 87.22 -57.15 -22.78 26.41 -26.66 -213.28 69.87 19.56 -48.45 49.76 39.33 -72.77 84.33 1.39 -65.97 -461.79 41.66 30.91 45.71 -37.33 27.63 75.43 67.48 -96.19 -22.24 -15.68 -22.92 48.11 -14.66 16.53 -29.65 -68.66 -71.06 -46.26 -96.08 -90.7 48.72 51.64 28.33 39.5 -55.84 47.59 -82.64 34.95 77.36 27.84 4.35000000000001 -97.03 78.05
-2.14 -14.78 37.73 77.13 -46.15 -23.79 97.54 -99.72 64.29 -68.1 85.93 -27.95 6.99000000000001 -89.19 75.6 -21.86 49.04 92.11 4.43000000000001 67.28 -19.33 68.92 9.3 17.83 27.35 -15.79 -126.32 58.56 -71.56 77.93 -46.17 -32.03 -90.62 -3.37 62.59 88.16 617.12 -40.06 40.89 23.46 -7.06 -42.65 75.81 -54.53 10.14 38.47 65.34 -68.38 64.65 -1.17 82.6 -74.47 -62.41 91.17 -25.42 -87.2 -15.78 24.28 -39.77 45.36 -93.69 0.519999999999996 -29.64 11.42 18.01 60.08 88.03 -65.53 8.75 35.13
-23.31 -65.35 28.13 -26.28 -87.78 95.67 75.67 -19.73 53.43 54.25 8.57000000000001 30.59 34.17 -24.84 -21.82 47.13 85.71 -36.58 18.98 -71.94 -48.53 5.51000000000001 59.9 23.5 -6.31999999999999 -18.41 -147.28 -34.1 -72.4 84.68 -99.81 24.96 25.57 25.87 20.63 -81.08 -567.56 -36.46 -34.73 46.83 -79.87 -86.96 -88.77 -77.28 -48.15 -3.87 98.07 69.42 -8.31999999999999 -2.36 70.52 25.63 -87.19 1.58 36.05 -14.58 -99.66 -15.18 46.41 1.27 -11.98 -14.18 57.76 20.34 -16.87 -23.18 -61.4 -5.52 -67.06 73.44
80.82 -32.92 96.68 53.21 92.99 -74.96 17.46 80.5 63.35 89.96 86.27 52.17 -81.61 35.16 51.05 81.79 26.61 -74.68 -45.14 57.97 52.23 2.97 45.83 86.57 12.98 49.85 398.8 83.41 -33.51 -18.44 -68.67 34.18 24.93 -27.21 74.18 -91.79 -642.53 41.23 -64.34 81.38 -92.43 -1.27 -62.32 -94.84 -91.03 -49.74 -1.89999999999999 38.7 -13.19 35.67 -47.8 -13.92 17.42 46.36 -99.9 67.54 76.85 25.57 -22.79 69.06 -27.92 16.25 -36.16 -55.28 79.67 57.04 -51.6 52.75 19.24 -2.7
-14.58 34.16 -28.1 -87.45 -33.6 6.13 3.68000000000001 -32.52 -68.23 -36.33 -86.88 -14.82 55.69 30.02 5.63 83.77 -3.67 -48.04 56.4 -12.8 67.87 0.320000000000007 73.14 -9.03 81.84 -70.43 -563.44 -60.3 -31.86 -90.4 -36.57 31.41 4.31 -99.06 63.53 15.22 106.54 -15.63 88.78 12.25 -94.81 -73.94 -98.13 -89.14 21 -77 88.34 -80.04 48.13 -53.03 -70.43 -81.38 -80.27 -89.1 -50.99 -74.67 -26.92 60.88 -78.89 29.99 36.3 -63.18 -29.29 45.65 -72.82 87.26 38.82 36.81 -54.44 44.21
-15.36 -17.18 -89.05 -51.81 -39.58 -80.39 95.29 -24.44 -71 46.77 -81.14 49.45 -16.37 22.31 -99.51 47.62 -3.14999999999999 23.79 -57.22 -29.16 22.31 91.34 14.76 -61.73 31.95 -86.46 -691.68 -46.48 -55.35 -70.67 93.04 -18.47 -92.9 -3.50999999999999 -82.88 -63.95 -447.65 29.33 58.12 4.95 -11.4 1.64 -23.61 -0.879999999999995 50.97 -89.38 -91.31 41.63 96.83 -42 92.04 17.68 -5.98999999999999 95.6 31.65 -82.93 80.94 -34.24 75.69 -23.03 28.51 -85.67 72.09 -44.05 2.60000000000001 42.95 81.55 -60.44 -27.5 -90.53
1.97 32.58 29.26 -54.01 -61.02 -72.46 45 -10.98 -47.62 -57.66 92.14 7.83 26.22 -38.61 -87.56 57.75 -52.11 -26.79 -8.41 -86.92 65.32 -68.19 41.16 -8.73999999999999 67.76 17.61 140.88 -23.35 43.14 88.23 -80.44 17.26 -57.8 14.99 -47.31 -75.57 -528.99 94.84 -69.5 75.4 46.5 -54.77 -53.57 -48.41 -75.92 -62.14 35.96 -25.34 24.99 -39.33 12.87 98.95 16.38 -73.74 89.89 57.43 -2.2 -76.63 -35.9 -66.84 5.25 85.02 -87.62 -42.9 -99.71 57.33 -94.27 22 -58.75 2.07000000000001
95.07 29.24 64.66 77.21 -92.87 13.26 80.46 -52.06 -20.29 6.90000000000001 -16.45 68.73 -12.06 -82.04 -12.89 -29.12 30.73 82.7 2.62 53.34 21.22 85.06 58.2 -87.31 58.05 87.62 700.96 55.11 -76.74 -67.14 -40.19 54.74 -40.95 -76.49 87.05 -34.21 -239.47 -36.83 -48.04 64.21 32.92 22.51 24.38 -1.23 83.29 -93.71 58.15 78.11 -10.23 36.74 29.83 11.98 31.71 6.14 18.67 44 -82.92 77.97 62.6 -7.39999999999999 92.42 92.77 -73 72.65 63.35 14.14 -83.52 53.29 98.85 6.58
93.55 -23.63 -49.16 -0.959999999999994 22.98 42.59 37.88 76.97 69.49 16.26 35.12 -15.42 31.73 -45.96 -81.95 29.19 -73.96 49.84 92.62 -73.02 12.81 4.15000000000001 -81.08 -79.29 52.66 29.72 237.76 30.69 38.86 31.71 24.75 69.8 76.9 -26.61 -45.96 -46.39 -324.73 -36.88 -78.76 -10.28 78.32 -56.51 19.88 -81 33.49 7.63 -20.16 85 45.35 -96.65 95.4 -23.4 34.13 29.73 -75.1 -94.5 86.44 -47.8 -72.1 -31.61 96.9 -88.77 46.84 66.32 -31.08 -88.13 56.95 96.51 -67.47 -58
-11.96 -79.38 13.4 59.39 61.9 89.44 -2.03 86.99 -97.11 -54.76 -99.1 8.73 98.47 -76.62 99.34 57.1 68.51 -58.28 -3.17 9.91 -61.25 -29.43 75.25 -33.49 -65.72 15.41 123.28 -4.83 -98.17 53.58 36.66 -46.07 -3.87 74.64 -72.67 -84.72 -593.04 39.31 33.33 -27.74 -81.24 -72.49 -26.06 25.53 13.13 51 -13.04 25.15 -49.86 -25.67 87.21 49.68 -70.42 -80.63 -90.74 30.21 -71.98 -48.61 -20.98 -24.3 44.47 29.49 5.39 62.49 26.31 -16.36 -47.1 38.42 43.19 -91.22
63.48 -43.76 -79.1 98.11 -94.76 -17.98 -37.51 10.43 53.67 -39.43 44.12 -23.63 64.31 45.8 -67.09 -32.68 98.05 44.27 -89.59 63.76 -51.5 97.08 55.28 31.49 -10.46 -22.84 -182.72 -26.39 -39.61 -43.23 -19.89 -65.15 -6.09 17.42 -32.01 33.78 236.46 90.17 -57.87 -93.66 2.79000000000001 -74.7 13.2 -88.03 58.79 65.08 23.24 -35.13 54.64 -45.1 48.26 -76.24 18.99 88.65 7.32000000000001 -85.15 95.45 36.94 -0.450000000000003 55.67 11.61 -32.1 -5.09999999999999 -68.93 94.43 8.57000000000001 25.05 -21.66 -59.29 47.29
86.11 -74 -23.16 39.4 -74.1 32.02 -30.1 -89.61 79.88 -3.86 94.79 -57.11 74.62 92.18 73.75 2.94 -7.5 -57.66 98.48 88.98 1.79000000000001 -94.05 88.39 -90.9 25.28 -81.48 -651.84 30.83 -30.31 -98.6 -10.33 -40.52 -63.62 -26.7 27.34 44.47 311.29 -32.91 -48.14 41.58 19.9 63.39 -53.2 -70.68 26.34 -66.03 13.82 -37.66 -92.31 74.57 69.97 -89.91 44.22 -62.52 -37.62 -32.12 -82.16 -29.95 -38.53 29.86 26.76 1.51000000000001 -51.65 -85.33 -52.88 -77.49 79.46 39.49 35.55 41.07
43918.62 33436.64 -14902.76 34038.02 47629.49 73921.62 -34258.06 -46654.4 -31284.73 -59202.31 102527.47 -57955.05 -74771.06 -2028.14000000001 -46274.59 42351.5 136680.59 -55833.63 -69241.07 -47446.86 -45745.49 65444 -85370.33 -32653.71 43077.53 100866.89 47741.69 65516.73 -26421.33 -70143.64
