50 100
-7 5 -4 -9 0 -4 2 -2 -8 -7 -1 8 3 -8 -9 7 5 -4 6 0 -5 -3 -4 7 -8 -3 -7 -2 -2 1 2 -2 -4 9 4 -9 7 6 -4 -1 -10 7 -9 -3 7 -5 9 1 -7 -2 -10 -7 -4 5 -6 0 4 4 -7 -5 2 -2 4 5 5 -2 -2 -6 3 -10 -2 7 -6 -7 2 0 4 -8 7 -6 -8 -7 -10 0 -9 -5 -6 -5 -8 7 -10 9 -2 1 3 -7 9 3 0 -4
-14 -7 -8 -38 -41 -60 -64 -33 -70 -33 -98 -31 -44 -71 -81 -2 -30 -9 -27 -4 -75 -64 -71 -76 -55 -66 -50 -24 -16 -46 -40 -61 -14 -5 -22 -3 -8 -99 -59 -56 -71 -3 -25 -33 -47 -94 -76 -68 -81 -92 -51 -82 -49 -21 -72 -7 -36 -13 -9 -41 -49 -25 -79 -71 -7 -57 -71 -57 -62 -96 -12 -83 -57 -10 -75 -95 -14 -58 -93 -52 -72 -54 -78 -95 -70 -80 -74 -92 -42 -38 -64 -21 -29 -19 -6 -1 -4 -87 -5 -16
77 35 49 27 63 26 11 29 62 35 22 67 11 73 84 24 13 80 62 81 84 5 13 95 14 64 87 78 3 99 76 12 94 70 67 2 52 80 65 19 31 71 9 56 86 83 28 29 70 15 96 45 21 88 41 0 24 56 27 36 37 7 58 37 18 11 76 63 6 18 69 96 70 99 44 39 69 64 55 11 99 68 11 1 78 36 22 16 24 24 52 50 73 30 60 81 59 68 26 40
-79.1 38.5 -11.28 76.97 -19.77 -23.59 26.22 -2.56 11.37 -48.04 -97.31 -77.46 59.9 45.52 -81.48 6.36 38.16 -89.25 -46.07 23.73 -75.5 29.33 -37.98 92.95 -62.32 53.25 -5.84 -68.38 78.36 48.26 23.66 80.04 640.32 -85.15 -15.52 -46.25 96.9 39.9 99.63 57.33 -8.56 -51.04 14.1 13.1 47.79 76.38 21.1 -42.2 17.94 30.59 -52.65 40.57 -53.2 478.8 39.9 -59.63 50.66 58.02 40.91 49.69 -70.92 -69.98 -10.79 16.05 52.57 28.86 -66.02 95.19 -36.14 -82.24 91.95 -11.25 -75.83 -20.36 -99.1 23.47 85.14 -35.91 24 -39.34 -14.6 -90.25 68.27 62.21 497.68 -44.67 -8.47 -1.50999999999999 37.89 32.95 -36.12 63.3 -2.7 -67.2 -4.76000000000001 38.31 -33.36 30.31 -68.98 21.51
-23.16 -23.75 -0.920000000000002 86.99 -32.39 66.2 -12.06 34.99 -43.09 23.79 -47.82 53.5 45.83 69.31 18.5 61.7 370.2 -16.36 -65.15 -99.7 64.87 94.84 -34.87 -84.02 -98.13 67.84 7.75 69.42 87.93 69.97 -68.66 98.33 786.64 -32.12 48.72 99.01 44.47 69.84 20.82 14.14 -5.89999999999999 -56.33 4.48 34.85 46.83 30.23 47.02 -94.04 66.18 -17.74 -76.85 -86.65 10.02 -90.18 -45.12 -6.95999999999999 17.59 -61.53 -53.5 -59.17 -79.26 -2.64999999999999 76.16 65.48 -47.04 -75.74 -91.96 -29.84 31.37 -25.58 -11.64 -35.87 -85.87 93.05 -67.98 -11.34 69.45 -10.78 -99.07 -53.18 -78.8 51.54 93.32 65.04 520.32 -8.31999999999999 -33.33 -89.37 -61.28 -6.39 40.67 -77.14 -52.09 24.86 -72.01 92.64 -42.14 28.11 -62.4 -4.41
-66.24 -46.15 -0.420000000000002 10.43 -99.19 -45.67 31.73 -0.890000000000001 -48.47 -26.79 87.01 11.31 73.14 -39.13 -63.38 19.56 117.36 -79.58 -40.52 84.33 48.02 -36.83 16.31 61.07 -23.61 -55.72 19.82 38.7 34.39 -27.95 -62.41 -25.42 -203.36 37.2 24.28 45.11 11.61 -28.06 50.38 -88.13 76.51 -33.56 -86.08 45.89 89.79 -98.69 72.57 -145.14 7.72 17.65 3.34 -69.54 -70.88 637.92 -53.04 -63.67 -47.71 26.52 1.2 -2.38 -58.7 57.37 57.65 -83.47 -72.34 -10.99 5.12 37.69 -19.26 -96.9 -47.42 24.2 77.74 39.24 -38.69 83.94 31.63 -88.52 -6.53 -21.22 66.49 40.1 62.2 25.82 206.56 79.91 -70.55 24.78 -80.67 93.21 -61.88 -48.57 -94.74 95.18 -8.11 51.22 -8.14999999999999 -83.74 8.59 0.840000000000003
55.42 -87.78 4.98 -89.61 -36.91 89.87 98.47 -98.73 -60.57 82.7 -82.97 38.13 14.76 -12.23 54.82 -71.56 -429.36 56.24 23.05 -3.37 68.37 -36.88 -48.72 27.41 -53.57 -32.03 45.44 -80.04 32.81 -28.73 -87.19 -36.44 -291.52 -48.1 -15.18 46.74 26.76 47.59 -37.73 -16.36 -17.09 -67.97 -79.31 72.83 45.89 -42.48 -75.68 151.36 -61.96 -16.01 -7.42999999999999 -59.7 60.32 -542.88 -73.81 15.71 50.27 -23.46 76.9 -34.72 -80.24 97.72 -31.35 -81.27 -60.62 63.23 -54.24 -92.11 19.77 -0.0799999999999983 85.2 84.86 81.16 99.72 -92.98 -23.61 7.58 -50.82 -92.73 90.88 -34.43 66.14 67.37 8.18000000000001 65.4400000000001 34.03 -15.56 -94.9 -6.92999999999999 26.2 29.78 28.76 -31.04 72.15 -26.56 -82.51 -36.2 21.04 -4.28999999999999 72.93
59.36 92.99 -19.64 20.02 -68.1 78.88 64.31 -60.5 -74.27 49.84 46.53 -21.43 41.16 -99.01 3.99000000000001 -72.4 -434.4 -73.41 0.299999999999997 25.87 -44.38 39.31 82.57 49.37 24.38 -82.37 35.4 41.63 -33.8 38.78 17.42 -38.73 -309.84 51.4 25.57 -10.22 -20.66 -29.64 -79.86 8.57000000000001 -44.12 85.3 10 56.44 -97.63 2.42 74.4 -148.8 -51.28 -45.96 11.6 44.95 95.52 -859.68 -58.51 -77.08 34.58 83.55 36.08 -74.13 13.04 58.66 36.24 52.81 -9.19 -60.06 78.08 71.84 20.61 -75.76 90.12 17.56 59.55 88.6 -19.25 40.03 15.86 -2.45 59.88 -27.59 -96.77 59.78 -81.87 42.22 337.76 -40.06 20.56 -90.43 -23.82 76.66 33.99 28.56 -91.35 87.26 96.34 27.7 29.77 -56.11 -34.25 -51.36
91.07 -33.6 88.08 4.28 54.25 83.38 74.62 -47.64 -36.72 -58.28 -0.670000000000002 -85.06 58.2 -93.43 62.17 -33.51 -201.06 -60.81 -59.71 -27.21 80.89 90.17 18.04 -94.3 19.88 -63.67 -66.8 -25.34 -98.86 27.28 -80.27 44.1 352.8 96.34 60.88 52.65 -58.31 57.76 17.96 -77.49 4.35000000000001 -2.70999999999999 -77.29 -87.54 -29.11 -92.91 -5.48999999999999 10.98 -33.53 80.23 -53.65 -62.98 81.57 -734.13 -55.88 17.94 -23.4 16.14 76.22 12.95 72.19 80.2 44.06 0.390000000000001 -20.42 -31.3 8.47 27.1 42.71 -44.91 25.92 21.01 94.65 -22.21 -50.13 -23.97 19.53 92.45 -56.83 53.66 37 85.64 0.480000000000004 -84.32 -674.56 -55.29 -21.09 -49.42 -26.06 -49.88 -34.54 -97.45 93.89 26.99 55.48 -88.51 78.17 -25.88 90.88 40.18
74.45 -39.58 77.53 -35.97 89.96 -54.34 66.82 75.6 -90.75 44.27 9.07000000000001 91.81 -81.08 -14.34 -48.46 -31.86 -191.16 62.89 -4.41 -99.06 -63.9 -32.91 45.71 -50.24 -26.06 1.15000000000001 -11.74 78.11 -16.29 -48.31 -5.98999999999999 -36.32 -290.56 6.47 -34.24 73.77 -52.05 -36.16 -5.67 77.24 -65.53 67.46 31.5 54.12 52.47 -44.55 18.86 -37.72 92.67 99.67 -74.93 4.17 22.03 -198.27 -3.06999999999999 56.17 -32.29 -94.09 63.88 -78.04 -80.44 -64.99 20.58 -59.61 56.79 -37.11 -21.22 -27.51 -50.92 75.29 -64.77 33.98 -45.85 57.27 55.33 47.88 -13.76 -15.16 45.37 88.25 -98.84 69.14 -80.73 -82.48 -659.84 24.04 -94.33 89.36 -21.23 8.86 40.69 46.04 -11.63 58.72 12.01 -59.19 -37.36 66.87 -46.43 -20.41
97.56 -61.02 -37.52 -55 -36.33 -22.3 93.9 -21.82 -7.09 -57.66 39.59 -39.19 75.25 -90.48 -88.27 -55.35 -332.1 -41.56 -31.02 -3.50999999999999 -47.95 -48.35 23.46 25.4 13.2 -34.4 -34.82 85 73.71 91.7 16.38 66.31 530.48 -46.75 -76.63 85.66 5.63 -29.29 9.58 2.10000000000001 -5.52 17.86 -48.92 -34.45 48.53 38.25 51.71 -103.42 -5.61 93.58 75.46 77.16 -76.54 688.86 -81.75 -77.25 -35.16 99.86 -90.42 54.5 -39.54 88.74 -25.59 42.76 -24.98 -93.04 62.55 -83.45 -75 22.69 -2.38 -50.98 8.68000000000001 -58.63 60.65 -24.6 -66.93 89.08 59.74 73.57 -22.68 -35.5 -1.98 -70.01 -560.08 -62.22 62.63 7.75 -91.57 -48.23 -2.09 -13.73 53.16 34.65 -85.04 -92.93 13.85 82.96 -52.27 45.32
-8.20999999999999 -92.87 -66.97 -93.19 46.77 -27.16 -57.08 51.05 -32.9 20.4 67.28 46.03 55.28 70.17 90.15 43.14 258.84 34.69 21.6 14.99 59.6 91.56 46.83 -54.16 -53.2 -96.19 75.65 25.15 34.18 -27.73 31.71 45.69 365.52 -80.17 77.97 29.76 -88.65 72.09 -15.7 -54.36 52.75 -66.3 -66.19 -51.07 49.95 78.24 62.99 -125.98 96.19 -94.68 -20.36 -99.04 36.61 -329.49 27.54 92.55 68.73 55.38 0.570000000000007 -84.46 80.55 -63.89 -84.8 -4.09 12.49 35.18 43.49 -14.99 -32.34 80.75 -70.36 9.38 -0.509999999999991 -62.75 0.700000000000003 -2.06999999999999 72.81 61.89 -21.27 -73.31 88.14 -86.47 -80.09 40.89 327.12 50.46 -83.12 -53.15 65.86 -42.54 -70.49 -42.73 -76.63 19.81 -12.65 -7.06 -23.7 -89.65 59.45 -89.98
84.18 22.98 33.33 76.47 -57.66 68.56 -42.09 5.63 40.18 -27.17 -71.94 57.2 88.39 26.41 -34.94 -76.74 -460.44 12.38 45.62 -76.49 -32.96 16.08 81.38 -91.99 40.98 10.14 17.94 -35.13 -94.04 27.98 34.13 -38.72 -309.76 4.61 -47.8 76.69 49.31 -87.62 65.54 57.38 36.81 55.94 15.56 -69.58 8.8 77.56 29.04 -58.08 -68.07 -93.12 24.83 78.13 -14.4 129.6 -85.52 -3.62 -1.64999999999999 46.6 -6.09999999999999 11.66 58.39 -65.55 -6.75 97.77 68.25 36.62 71.08 -47.1 49.96 -46.2 65.38 57.45 -52.47 -13.36 -95.89 55.87 96.33 13.78 -68.99 90.03 -68.05 86.98 24.73 32.19 257.52 -60.22 80.09 -6.42 -32.47 -45.51 43.28 -25.98 56.03 -7.53999999999999 26.6 -29.78 71.42 -37.48 -39.62 19.09
-31.13 61.9 21.33 -14.62 6.90000000000001 4.17 -49.43 -99.51 72.17 0.719999999999999 57.97 24.33 75.25 27.35 98.51 38.86 233.16 -84.49 -35.76 -26.61 69.11 70.69 12.25 -99.17 -55.14 -48.15 -5.01000000000001 -37.66 -14.66 15.2 -70.42 -16.59 -132.72 16.94 -48.61 21.61 -26.49 -73 -63.31 47.23 -60.44 -23.55 82.87 23 -54.76 44.63 -47.11 94.22 -12.91 74.08 40.55 -95.08 -97.5 877.5 41.51 34 -26.71 29.44 93.61 -58.71 57.06 -90.57 -74.09 -9.09 72.24 63.96 71.63 -15.53 -99.34 -39.17 81.32 -26.26 -88.21 19.64 52.05 61.81 -42.11 -40.21 15.83 -53.43 -37.1 3.8 -76.97 38.71 309.68 44.17 21.09 75.03 -70.84 -50.56 36.69 -99.25 25.89 -23.4 44.61 -12.83 57.09 64.41 -5.98999999999999 -97.43
-5.88 -94.76 -83.52 61.59 16.26 -93.94 51.15 -87.56 68.36 -26.02 -12.8 -20.18 74.9 -6.31999999999999 63.64 -98.17 -589.02 49.76 77.19 74.64 -74.43 -82.55 4.95 48 30.18 -91.03 -28.66 -66.68 -1.17 95.63 18.99 -65.54 -524.32 -18.58 36.94 91.34 61.8 46.84 54.07 -68.07 22 88.58 -6.12 99.5 42.11 -39.29 34.89 -69.78 -1.52 11.87 -92.97 -51.26 59.27 -533.43 -96.4 -92.93 1.24000000000001 45.28 82.95 -77.44 2.12 -51.85 -20.12 80.64 -38.54 54.24 7.36 -59.58 87.8 70.27 14.63 -46.77 29.56 -42.64 94.68 -15.75 13.08 16.47 41.9 87.24 36.42 -46.13 49.09 97.89 783.12 45.55 -89.81 34.65 19.79 66.21 -9.95999999999999 -87.64 -83.84 -90.06 -84.45 -66.85 12.75 76.75 -78.14 -25.59
-66.52 -74.1 28.9 51.51 -54.76 22.6 15.21 -12.89 69.63 -41.7 -29.16 1.81 11.36 12.98 -52.1 -39.61 -237.66 -46.17 -57.2 17.42 -1.70999999999999 29.95 75.4 94.92 87.52 21 15.46 -77.1 -2.36 92.21 44.22 -46.26 -370.08 66.3 -29.95 28.33 -86.8 5.39 -93.41 -41.66 53.29 -61.48 43.28 -88.8 99.99 -89.98 -30.54 61.08 -77.46 -83.24 -29.63 -24.77 -37.48 337.32 -44.13 -8.53 -77.97 -95.12 -37.6 -88.62 -34.92 81.67 26.79 31.3 8.72 -36.68 -12.36 -22.17 57.49 -72.8 33.48 -30.71 -31.44 -69.85 -90.54 59.41 58.61 12.16 -94.13 56.25 -26.93 89.54 45.25 -59.82 -478.56 -36.29 -53.81 -35.53 -33.08 -61.16 -24.03 6.19 -89.92 -62.37 -70.42 -8.84999999999999 -63.63 -83.96 95.31 96.19
21.72 -17.91 97.54 -74.65 -39.43 -41.51 61.57 -81.95 50.55 -89.37 -86.92 74.87 -86.4 81.84 -17.37 -30.31 -181.86 -99.81 16.41 -26.7 -65.97 -25.78 64.21 56.09 -35.37 50.97 69.08 -40.5 35.67 36.6 -85.16 -25.42 -203.36 -58.09 80.14 45.36 -77.03 -5.09999999999999 99.27 6.26000000000001 96.51 75.08 44.62 57.89 -12.16 40.8 55.39 -110.78 -82.3 -37.7 50.33 -36.94 75.53 -679.77 -76.18 -44.27 -18.42 -25.17 -32.32 -70.71 51.28 98.47 -1.69 60.22 22.47 48.63 96.77 -78.97 14 -56.76 -68.35 14.56 66.14 75.66 19.17 9.52 -69.83 -74.36 -16.59 -86.95 63.75 9.59 24.63 73.15 585.2 92.79 -77.02 -64.71 74.67 -33.55 68.68 53.36 50.05 -76.19 -67.04 -40.83 51.54 -62.3 56.55 68.42
16.59 -14.19 75.67 -78.66 -3.86 -97.63 -14.26 99.34 -29.1 3.47 53.34 94.15 -3.81999999999999 31.95 -75.09 -84.65 -507.9 -68.67 89.02 20.86 88.16 -88.29 -10.28 -35.04 40.98 -75.92 98.53 -13.07 -53.03 78.83 77.55 36.05 288.4 -49.37 47.82 1.27 -41 -51.65 34.95 -55.99 38.42 -37.14 49.51 34.28 7.11 -10.94 27.84 -55.68 -4.72 -7.06 -81.58 52.6 -41.29 371.61 -38.76 -52.23 49.45 -14.55 5.40000000000001 -57.04 -11.03 16.43 42.28 -2.45 -70.84 76.2 61.51 -94.88 -20.65 -56.91 -36.93 82.28 8.01000000000001 -77.85 -48.09 -58.88 29.74 42.15 -82.23 55.07 -97.38 59.78 -55.58 -77.73 -621.84 56.33 -35.44 -29.59 -21.18 31.56 -23.23 -75.73 1.23 32.55 15.9 -53.19 30.22 -56.58 -94.7 98.02
-79.91 -11.81 17.46 -56.61 31.68 -27.95 14.91 -67.09 -61.42 -30.5 -73.02 92.96 -23.57 67.76 -68.28 -98.48 -590.88 -36.57 30.1 -24.85 -81.08 62.95 -27.74 64.4 46.95 83.29 30.62 16.33 -42 -13.84 -43.39 -99.9 -799.2 -44.8 -97.18 69.06 66.88 -22.25 18.01 79.45 -21.66 76.98 19.83 -34.5 -88.86 -55.15 -24.18 48.36 68.5 -97.61 -66.52 -16.06 84.4 -759.6 -80.71 -8.42999999999999 32.15 -65.78 77.97 -52.82 97.65 -58.07 -17.49 -98.92 -61.53 -55.65 -55.85 -92.12 0.379999999999995 -15.26 25.82 71.25 -92.85 33.21 -60.11 -92.79 -39.08 89.93 -21.72 18.84 50.13 95.33 62.04 29.83 238.64 -31.32 72.23 55.93 -60.6 -0.629999999999995 48.84 -27.64 56.22 91.45 56.31 -28.07 -70.98 -37.16 74.13 2.56
-76.64 93.36 3.68000000000001 16.92 -17.95 30.59 -80.53 73.75 81.3 -79.7 9.91 -11.75 3.37 58.05 0.370000000000005 26.21 157.26 93.04 34.8 13.49 -91.79 -14.31 -93.66 -70.61 -9.89999999999999 33.49 -56.97 -46.61 -39.33 22.67 -9.09999999999999 -50.99 -407.92 33.2 5.23 29.99 -11.39 -95.5 -16.87 83.25 39.49 78.05 67.18 -84.51 6.43000000000001 34.91 -71.5 143 -36.45 80.51 76.83 -95.97 85.57 -770.13 29.59 -78.41 -92.18 -39.66 -78.59 20.55 -78.03 23.22 50.9 73.6 36.61 76.4 27.09 -33.93 17.97 31.88 0.579999999999998 -18.69 -58.5 89.84 27.6 -29.37 -21.51 -25.45 -93.04 -77.31 81.79 -47.62 75.38 44.55 356.4 -65.07 69.58 -89.06 34.28 20.91 -49.21 34.94 76.77 28.43 -51.7 50.17 21.01 -10.83 -43.27 25.15
-47.9 77.32 95.29 -77.85 3.58 52.17 -70.49 89.55 49.04 5.73 63.76 -45.96 -90.72 52.66 35.37 -56.07 -336.42 -80.44 27.26 99.15 15.22 -94.41 41.58 27.63 65.05 13.13 -73.14 -71.2 36.74 -17.77 -12.2 31.65 253.2 65.54 -71.31 -23.03 29.96 97.81 79.67 13.94 -4.39999999999999 35.13 72.59 -99.44 53.26 -30.11 -87.28 174.56 -81.41 93.72 93 -54.94 -74.16 667.44 -80.98 48.93 -19.12 -79.63 -66.25 54.29 -38.7 67.8 -60.31 71.51 -99.23 18.47 -21.46 -87.89 -56.6 64.99 -76.72 10.08 83.97 -58.91 -70.08 53.32 -5.72 -45.93 42.01 95.31 -79.4 -69.63 -64.07 -70.56 -564.48 7.99000000000001 -57.02 75.37 90.74 -87.84 35.89 76.87 -4.14 43.53 74.97 72.47 88.49 72.74 55.62 75.21
-36.58 11.55 45 61.27 -36.88 -14.82 92.31 36.14 85.71 37.14 88.98 87.22 -34.18 -65.72 88.59 17.9 107.4 -40.19 -24.17 1.86 -63.95 -51.99 -42.75 -42.65 -68.21 58.79 38.42 -25.06 -96.65 53.82 60.71 89.89 719.12 -94.62 52.36 -66.84 -30.26 19.26 -72.82 73.66 -30.99 73.44 -85.77 -92.63 -12.16 91.74 -79.57 159.14 -56.5 -17.58 53.68 -68.37 -89.52 805.68 -68.17 9.92 -34.97 -44.56 -6.59 -43.92 -15.28 26.17 -73.03 45.26 -25.49 -36.08 71.14 36.96 -76.66 30.8 -95.63 34.35 94.76 44.95 -61.27 -84.33 -97.85 0.760000000000005 3.3 -95.31 -99.23 -21.55 -93.15 17.49 139.92 -94.16 36.06 73.54 -16.85 31.85 -63 36.44 52.15 -38.04 81.21 -32.32 92.26 87.02 35.91 -43.33
-24.13 59.94 80.46 -94.96 -26.14 49.45 50.21 35.89 26.61 -39.41 27.15 68.92 -33.79 -10.46 -11.72 72.89 437.34 24.75 -12.11 -61.19 -75.57 -43.24 -96.44 -86.96 61.42 26.34 -15.68 -77.07 -25.67 -57.08 -60.77 18.67 149.36 -28.58 -49.85 -7.39999999999999 -15.99 -47.5 2.60000000000001 8.06 -8.36 -2.7 -76.55 -29.58 -89.58 15.44 -20.14 40.28 62.29 -5.08 72.16 88.17 60.1 -540.9 -62.14 -21.5 26.61 -48.93 30.53 48.87 -28.28 92.04 -96.87 65.69 -89.82 -19.82 56.12 -81.89 70.46 -48.3 50.27 -58.78 89.76 3.52 73.29 32.44 -75.25 -40.21 28.88 -25.41 -37 46.84 -96.81 -0.620000000000005 -4.96000000000004 42.82 -69.84 66.99 77.23 41.24 53.89 46.04 -75.72 -80.05 46.97 -7.95 -80.09 80.46 30.79 68.37
82.06 80.04 37.88 56.29 -49 7.83 5.37 -62.32 -3.67 75.22 -89.48 5.51000000000001 -56.9 25.28 -91.29 1.09 6.54000000000002 36.66 41.4 50.11 -34.21 -33.48 9.52 -1.27 60.66 43.16 65.34 -47.87 -45.1 55.11 26.03 -75.1 -600.8 14.92 -85.83 -31.61 41.14 -76.38 -99.71 85.89 -53.36 44.21 15.14 82.41 -33.68 -13.44 -61.32 122.64 -59.69 26.44 74.46 -37.66 71.11 -639.99 36.06 -35.43 8.68000000000001 -46.35 -27.77 96 45.29 41.07 -1.41 -34.23 70.16 -71 32.2 90.19 -76.14 -99.62 64.33 66.79 -82.62 7.57000000000001 -5.42 -66.85 78.22 25.85 80.03 3.04000000000001 -71.4 -3.56 -85.58 61.34 490.72 -42.45 -38.82 -76.06 59.75 23.81 -50.51 -27.24 64.51 10.54 26.5 88.26 -19.49 -99.47 31.98 76.3
93.01 -96.21 -2.03 -99.51 -56.54 68.73 37.4 -10.07 -3.14999999999999 40.47 -48.29 2.97 79.55 -96.92 -27.2 96.31 577.86 -19.89 -62.92 56.34 -46.39 -34.29 76.45 -73.94 -19.02 79.14 98.07 28.54 74.57 -29.65 80 -90.74 -725.92 -90.7 -81.16 -24.3 30.69 -65.72 63.35 -95.44 70.43 -90.53 48.61 -40.86 -48.93 83.88 -26.81 53.62 51.48 -86.94 -88.51 -16.61 -58.52 526.68 43.37 -30.22 -4.58 49.96 38.29 -4.92999999999999 76.61 -96.04 7.91 -57.6 64.98 -7.78 -37.9 64.71 94.3 77.52 43.75 -57.7 -43.89 32.01 93.7 39.69 -31.28 -66.99 88.1 69.89 34.46 87.99 55.46 28.19 225.52 83.19 -92.42 12.24 -34.55 93.49 74.6 0.730000000000004 48.83 -78.11 -53.77 71.55 -57.33 -31.71 -74.37 -31.68
77.13 47.69 -37.51 9.64 -72.74 -15.42 -49.46 -50.82 -52.11 -30.76 81.89 0.320000000000007 8.88 95.93 69.87 46.73 280.38 -10.33 -72.77 41.33 -84.72 -46.6 -45.28 1.64 44.25 -14.15 -1.89999999999999 -36.18 21.32 -74.47 83.2 7.32000000000001 58.5600000000001 -15.78 -96.47 55.67 -65.72 -1.22 -31.08 50.47 -24.28 2.07000000000001 -68.18 -80.76 -59.04 -98.39 91.92 -183.84 -83.58 7.8 -20.63 79.34 83.37 -750.33 21.67 39.02 -47.53 6.55 48.44 -12.82 44.03 62.98 3.52 -25.85 -35.6 -54.57 2.90000000000001 -22.48 -73.1 59.32 70.23 15.77 91.26 10.27 -23.67 52.46 82.3 58.11 30.8 -68.1 -5.03 77.73 -15.13 66.83 534.64 -39.66 99.82 -3.23999999999999 18.34 -55.13 86.73 -52.81 -15.85 27.63 -44.41 -50.53 15.48 84.5 81.59 -66.54
-26.28 -47.27 -30.1 82.85 49.94 8.73 40.3 28.05 30.73 -49.18 15.59 91.34 42.25 72.78 58.56 -57.36 -344.16 -30.88 -90.62 43.87 33.78 89.25 34.46 -54.77 14.72 -12.25 88.34 54.44 59.49 25.63 20 -37.62 -300.96 -99.66 -7.01000000000001 29.86 -55.84 -37.36 26.31 -72.05 -80.45 6.58 -40.28 -65.42 17.61 39.7 -61.82 123.64 89.88 -54.78 36.21 13.52 55.13 -496.17 -24.66 99.6 55 -27.53 15.58 -72.85 -95.82 -84.09 39.16 -13.19 -65.63 -51.75 -87.3 -44.09 -17.84 93.25 32.59 93.46 20.08 -57.4 52.91 22.44 -78.43 19.75 30.22 -83.35 56.38 -64.42 82.45 -97.98 -783.84 92.91 6.61 55.18 -70.28 -34.1 -98.06 71.66 75.83 -85.32 -20.82 -66.36 -72.8 1.16 -12.1 -90.82
53.21 -82.24 33.03 64.29 -50.84 -23.63 40.98 68.82 -73.96 -5.64999999999999 25.06 -68.19 -31.85 -78.03 -34.1 57.35 344.1 1.92 25.57 27.22 44.47 17.43 33.39 22.51 -50.22 -72.35 -91.31 14.75 -94.71 -13.92 -0.579999999999998 -93.01 -744.08 76.85 27.24 34.86 0.519999999999996 35.79 94.43 98.26 78.11 -58 -41.93 -44.46 72.18 -72.62 -33.24 66.48 71.77 24.93 31.59 -14.51 35.54 -319.86 66.36 -46.53 81.55 26.06 -78.48 28.78 -38.69 60.08 87.32 -25.67 -84.32 70.04 1.68000000000001 89.24 49.82 1.76000000000001 -10.1 81.9 -67.98 -14.8 -12.15 82.89 -55.19 58.95 -74.41 -81.49 -91.76 -38.72 -86.34 -72.96 -583.68 -46.12 -64.59 -62.55 -16.95 -70.2 42.18 97.22 -1.12 68.35 35.06 -28.09 52.26 -35.37 53.05 -63.48
-87.45 -11.5 -69.67 53.43 65.52 -57.11 53.25 -51.78 68.51 12.32 40.1 85.06 45.7 25.55 83.41 45.48 272.88 -82.71 24.93 -67.13 27 -98.28 -18.89 -56.51 -71.47 49.86 35.96 3.23 -44.77 -81.38 -30.48 -62.95 -503.6 -26.92 -92.46 30.08 -14.18 67.58 -52.88 27.84 -32.67 -91.22 -33.43 -18.91 -57.75 58.41 56.57 -113.14 -0.939999999999998 79.49 -56.97 88.93 22.77 -204.93 18.09 -75.69 89.62 11.49 -84.67 67.37 -77.17 -77.11 -16.14 -48.08 -83.84 -60.17 89.41 -38.04 -11.54 9.82000000000001 -66.72 -83.1 38.55 88.56 28.57 87.9 -82.55 49.69 11.36 70.51 -54.46 38.28 26.33 -21.31 -170.48 -14.06 62.28 -8.91 -6.61 -36.19 51.12 88.63 68.29 -36.42 -3.25 -13.68 -42.14 -17.71 -24.18 3.85000000000001
-51.81 -27.45 -46.37 63.35 -44.22 -95.17 -89.19 69.82 98.05 -7.95999999999999 -9.84 4.15000000000001 -65.63 -3.28 -60.3 42.95 257.7 -90.98 4.31 -32.27 -59.55 30.91 58.83 -72.49 -30.34 79.3 58.15 87.38 -83.1 17.68 -99.88 20 160 80.94 -36.5 57.67 16.25 -31.47 30.07 88.03 35.42 47.29 81.29 -93.42 -65.59 31.02 -17.47 34.94 15.68 68.98 -36.13 98.18 86.61 -779.49 -59.54 17.44 29.36 86.97 93.16 -63.72 -26.23 -48.07 -78.34 53.89 -0.340000000000003 -30.5 1.07000000000001 29.3 11.85 -13.49 49.11 9.47 94.03 48.31 7.97 -84.86 -64.34 38.1 -66.15 72.07 -97 -11.63 45.81 -95.26 -762.08 57.71 -79.27 -77.82 -80.86 -89.09 -82.73 -80.6 86.56 -61.44 -76.69 98.84 -54.17 57.86 6.66 79.71
-54.01 -81.4 24.97 -68.23 35.29 -33.93 -24.84 -32.83 -7.5 -70.46 82.24 -29.43 -91.47 7.74000000000001 -46.48 -81.23 -487.38 68.68 -92.9 96.43 48.82 40.89 76.03 -74.7 -52.03 66.26 -20.16 7.51000000000001 -47.08 98.95 5.04000000000001 -4.38 -35.04 -2.2 32.36 -37.23 -63.18 -10.56 93.53 -61.4 32.56 41.07 9.11 82.64 -27.69 -86.21 58.75 -117.5 39.54 -36.14 -67.79 -35.58 -66.37 597.33 -63.7 30.26 -83.69 -26.5 65.1 83.9 -33.44 38.17 89.95 -79.31 -96.51 84.47 -55.29 40.87 34.92 43.98 31.46 49.13 -47.23 -20.1 35.37 17.21 -8.47 99.86 37.64 -25.92 4.71000000000001 -20.11 -12.23 1.28 10.24 -57.93 -1.81999999999999 32.25 -24.9 63.91 94.19 44.51 47.39 -44.9 15.84 -79.44 39.07 81.98 33.16 -38.55
77.21 -18.58 2.53 -71 -10.54 4.78 35.16 -59.7 -21.32 4.43000000000001 31.09 97.08 -99.92 -35.55 -23.35 -56.87 -341.22 -18.69 -57.8 -84.81 -62.13 -34.73 -23.39 63.39 67.48 78.92 -13.04 69.51 81.47 11.98 -61.93 -45.43 -363.44 -82.92 77.1 69.66 -85.67 66.34 -76.87 -51.6 36.4 -52.42 -27.06 15.54 -92.37 -31.52 54.63 -109.26 -74.92 -66.72 -99.58 55.04 -29.26 263.34 11.09 28.61 -24.29 60.83 2.59 -91.65 -44.09 7.62 -68 -30.61 2.96000000000001 -64.99 94.39 61.43 62.14 3.71000000000001 -75.15 41.32 95.93 -49.18 -78.1 -46.73 -94.08 -64.44 -26.97 -12.38 -72.11 55.91 61.69 -73.51 -588.08 37.97 96.26 -8.08 -92.66 -99.47 -8.8 -34.04 92.82 31.87 -18.55 34.61 72.71 68.57 -30.16 -43.1
-0.959999999999994 55.79 48.92 -47.62 22.9 27.57 30.02 30.93 65.03 18.98 65.39 -94.05 -22.78 -50 55.11 -31.67 -190.02 -49.98 -40.95 -32.58 -51.01 -64.34 58.25 -32.96 -54.53 -33.84 23.24 58.73 -23.71 -23.4 97.59 38.32 306.56 86.44 -97.08 1.36 85.02 7.69 -83.38 38.82 -75.04 -79.47 -23.7 92.81 22.1 -89.82 -17.85 35.7 -56.31 -0.239999999999995 10.43 -99.95 -86.76 780.84 76.69 -32.89 77.17 30.02 -10.3 38.82 99.44 72.67 93.85 -88.54 10.21 28.78 -83.11 37.36 -21.49 66.63 -40.05 93.37 65.85 -14.75 -92.01 10.09 -34.59 22.12 -98.23 -69.22 -45.69 5.46000000000001 51.15 77.83 622.64 -89.11 40.7 -74.77 82.1 -60.93 64.46 -32.34 70.22 -85.41 -70.59 8.78 32.13 -56.71 -24.03 -50.33
59.39 -41.16 -23.14 -20.29 -73.53 -6.86 22.31 15.74 -5.14999999999999 -45.14 0 99.99 17.83 -76.75 30.69 31.98 191.88 -68.26 76.9 53.54 55.51 88.78 -24.58 31.65 -77.28 -33.71 13.82 48.11 23.49 49.68 53.58 -76.52 -612.16 -71.98 72.42 -95.65 92.77 27.11 -54.87 81.55 58.59 31.79 -42.56 33.19 -57.14 37.66 66.19 -132.38 -83.02 65.09 -72.25 79.04 -16.58 149.22 11.25 -55.08 29.58 84.03 23.27 33.08 -79.31 51.5 48.14 33.7 93.48 -90.92 4.40000000000001 75.65 38.14 -16.3 -75.28 3.10000000000001 14.75 -72.12 22.88 -38.7 -29.3 92.57 -27 -77.94 -24.22 61.49 8.72 42.23 337.84 94.94 -32.72 -42.79 -65.85 -24.74 50.96 -90.79 41.94 29.65 -19.9 -20.29 -82.08 -17.24 -6.27 80.7
98.11 -80.07 91.25 69.49 69.7 44.71 -38.61 1.26000000000001 90.06 56.4 33.78 -80.38 23.5 -90.03 -4.83 49.49 296.94 -7.92999999999999 -3.87 2.44 -74.11 58.12 2.16 19.86 -94.84 -4.31 44.65 64.65 23.35 -76.24 25.25 -65.39 -523.12 95.45 -38.42 86.93 -88.77 -30.23 86.28 -94.27 91.36 -39.93 50.57 92.16 18.94 -91.62 -60.75 121.5 43.03 63.87 -52.23 -40.87 17.54 -157.86 -85.49 68.98 -73.62 -17.62 -56.5 58.05 -51.48 1.16 -15.27 48.96 -80.95 63.87 91.89 56.62 89.52 21.47 80.32 -69.93 -79.89 30.46 -77.2 76.75 54.58 -36.83 60.55 48.28 -23.19 29.18 -6.52 52.22 417.76 93.3 -12.2 90.41 45.23 -2.98999999999999 55.08 92.78 -9.88 64.67 76.69 -63.55 -97.13 -1.12 0.859999999999999 78.41
39.4 -67.95 -88.48 -97.11 90.51 -42.71 -82.04 -34.07 -78.05 -57.22 81.09 22.97 86.57 82.83 -26.39 93.55 561.3 -2.81999999999999 -6.09 -68.76 -86.14 -69.5 -76.61 -16.98 -89.14 97.52 94.51 -8.31999999999999 -35.78 -89.91 -71.06 0.170000000000002 1.36000000000001 -82.16 51.64 0.370000000000005 29.49 -58.95 0.960000000000008 -83.52 -17.42 -72.28 80.78 -8.81999999999999 -31.06 40.42 92.69 -185.38 -90.13 82.02 -2.89999999999999 76.92 23.26 -209.34 -68.43 23.68 -5.23999999999999 68.5 -0.280000000000001 43.17 83.7 -66.46 70.01 76.94 26.69 53.04 -75.07 -92.48 73.4 -95.43 48.31 -42.49 79.98 -58.17 -96.47 98.75 98.38 74.86 -97.3 -22.4 -60.96 -43 7.99000000000001 6.39 51.12 2.58 -92.63 99.39 84.35 32.68 -31.35 -45.95 81.65 39.46 -42.6 1.42 53.51 71.4 -22.9 45.27
56.67 -23.79 39.96 53.67 90.8 11 -45.96 -85.14 46.39 -8.41 -49.47 -25.17 -9.03 -15.88 30.83 -48.45 -290.7 -47.84 -63.62 1.39 3.53 -48.04 91.74 -43.75 -0.879999999999995 -25.91 97.16 -13.19 -78.6 -78.27 91.17 -1.92999999999999 -15.4399999999999 65.22 -39.77 49.46 -32.1 62.57 95.51 56.95 35.1 61.75 -28.63 -57.4 96.17 2.5 38.77 -77.54 24.7 -53.74 -5.38 73.02 12.54 -112.86 21.73 -55.23 81.87 10.55 88 94.22 -74.49 8.87 5.79000000000001 50.23 84.66 -38.38 73.04 13.34 82.41 -49.68 -59.18 90.83 -43.99 67.12 47.71 -91.24 65.85 67.57 66.47 0.850000000000009 -94.21 1.59 -29.08 -68.43 -547.44 38.37 -3.27 45.51 -83 -31.53 52.6 -39.36 47.21 24.83 72 94.45 -26.71 -37.46 65.84 -54.94
17.05 95.67 -40.25 79.88 96.31 34.59 -76.62 2.53 -70.51 2.62 50.81 57.76 -61.73 -38.73 -86.49 77.93 467.58 -88.17 82.7 62.59 94.26 -78.76 53.44 -89.21 -48.41 63.66 -46.39 48.13 -80.32 -4.97 1.58 -38.31 -306.48 -89.13 46.41 -2.81 1.51000000000001 -82.64 -51.44 -47.1 -25.72 -7.89999999999999 71.26 64.99 -71.65 -70.58 -72.91 145.82 81.07 -88.62 3.86 -0.560000000000002 -58.61 527.49 -59.3 -51.79 40.17 58.92 -79.6 86.85 -31.72 -37.6 53.38 67.7 -78.04 -9.38 -98.83 28.03 9.3 84.91 29.05 -85.07 -98.73 -6.3 93.34 -83.34 -37.84 12.35 67.82 2.68000000000001 5.91 -4.67999999999999 -75.62 -76.07 -608.56 -9.14999999999999 35.76 59.03 -98.18 86.73 -51.61 21.55 59.09 36.83 -86.35 -46.06 -33.33 -80.08 60.09 14.86
-37.72 -74.96 -8.12 22.92 85.93 -63.82 45.8 5.43000000000001 -88.8 92.62 -8.86 -98.46 -8.73999999999999 83.82 41.12 84.68 508.08 23.77 94.21 20.63 -30.52 33.33 -94.04 95.91 -1.23 -84.85 -6.56999999999999 96.83 30.43 48.87 46.36 24.97 199.76 69.25 -22.79 53.67 72.35 11.42 21.1 25.05 38.46 -86.98 -9.22 -52.37 -65.17 -57.16 67.09 -134.18 -77.89 99.58 -91.3 21.87 18.78 -169.02 -63.42 46.6 -70.66 52.05 -64.2 32.57 -39.74 55.72 -30.23 29.75 -82.49 56.51 66.53 42.89 -42.47 92.34 1.96000000000001 75.07 3.06 -69.57 -15.72 2.31 14.24 -27.59 62.58 13.54 -57.73 -83.21 26.12 -51.38 -411.04 26.04 -8.55 -91.04 -39.47 -27.13 66.17 82.61 53.82 26.72 -82.74 92.65 -53.2 -84.7 42.85 57.43
11.27 6.13 -8.42999999999999 -42.05 8.57000000000001 -5.62 92.18 -69.26 -90.33 -3.17 13.38 -10.23 -87.31 -45.79 -7 -18.44 -110.64 -45.13 -23.33 74.18 -52.06 -57.87 -26.7 -74.53 -81 -26.05 -69.63 24.99 -77.45 12.54 -89.1 -94.31 -754.48 61.57 -78.89 2.12 9.60000000000001 20.34 -23.01 79.46 -97.03 -40.96 -42.4 -44.94 -69.42 9.59 96.8 -193.6 54.69 -73.51 40.97 -89.96 -42.36 381.24 65.85 62.71 -78.01 90.21 27.74 -29.31 61.23 -47.41 -86.63 -85.86 -72.23 30.32 -18.49 -96.04 -11.36 5.41 66.75 -24.64 -85.82 -55.09 97.59 -15.2 -14.61 60.03 -90.36 -45.49 42.79 -12.77 71.4 -52.75 -422 46.6 75.65 96.09 -9.06 -17.89 -81.94 -73.29 4.62 -84.66 -9 -94.05 -48.54 0.180000000000007 56.73 48.76
-8.5 -80.39 -62.71 -92.57 86.27 80.25 90.21 -21.86 -97.74 -89.59 -40.11 13.09 -79.29 46.93 -34.94 -90.4 -542.4 74.72 -21.71 63.53 -69.64 -48.14 -37.33 -75.93 25.53 -71.67 41.87 -10.23 3.39 46.73 95.6 25.38 203.04 17.35 75.69 -29.04 49.46 -55.28 6.41 93.66 8.75 -76.92 -33.72 -17.37 80.82 -15.12 45.95 -91.9 37.26 74.58 28.93 -96.39 63.42 -570.78 37.64 67.9 71.4 28.35 47.8 -91.19 -12.16 -2.59 -26.04 71.61 78.75 53.51 -56.53 64.04 21.9 60.21 64.28 12.43 -44.58 -85.51 12.2 64.54 11.92 60.72 -23.28 -45.55 7.07000000000001 -72.01 -56.35 -58.55 -468.4 -85.11 4.96000000000001 11.91 -19.4 -4.41 52.6 -68.89 -52.54 -40.93 25.66 -41.73 29.32 50.31 77.18 94.45
-40.16 -72.46 54.36 31.44 -86.88 13.88 39.7 47.13 -32.37 98.48 94.26 -74.13 -33.49 93.34 16.38 -70.67 -424.02 45.73 -73.29 -82.88 -14.94 84.99 -7.06 -15.16 -88.03 -55.72 58.61 45.35 -32.34 40.57 -73.74 -8.72 -69.76 86.02 -35.9 39.34 -22.01 45.65 -69.31 90.67 -67.06 -5.59999999999999 41.86 13.18 83.37 44.61 -17.68 35.36 -19.97 56.68 84.17 -37.44 42.25 -380.25 -45.17 32.87 -42.3 51.91 -54.62 -12.93 20.72 44.46 44.18 -63.96 -43.95 63.47 29.08 22.96 -17.46 15.03 99.58 -75.91 -88.26 -64.68 -91.55 77.71 10.83 -38.51 -14.15 -12.89 -16.89 -18.71 -75.86 -57.87 -462.96 63.82 -45.91 -19.77 -31.04 24.64 -35.92 -67.59 -29.49 -38.62 95.74 99.72 60.66 61.78 54.11 2.76000000000001
66.58 13.26 24.6 -71.71 -81.14 30.74 98.62 81.79 -23.23 -82.77 -19.33 99.32 31.49 -75.61 -53.33 88.23 529.38 89.57 61.8 -47.31 71.07 -66.3 -79.87 -28.69 -70.68 -22.24 -93.98 -49.86 20.25 84.81 6.14 51.39 411.12 44.92 62.6 95.4 -15.53 -44.05 24.81 88.63 19.24 -43.74 -8.59 3.99000000000001 80.53 -48.65 23.31 -46.62 14.4 -68.19 -79.39 -88.99 57.77 -519.93 -6.61 18.79 90.72 9.11 -71.69 -13.77 5.3 -47.77 -71.43 10.05 40.26 -70.98 88.52 -11.03 56.3 -13.84 96.39 48.26 13.67 -17.84 -38.19 46.25 -78.28 21.92 -11.63 -18.79 30.94 -35.71 91.31 51.66 413.28 -39.42 92.53 -57.06 -79.68 3.10000000000001 -88.9 -16.01 28 35.15 78.35 -1.11 27.77 -25.95 -20.3 58.79
-60.8 42.59 34.14 83.9 92.14 12.33 -51.88 83.77 5.96000000000001 -16.76 -48.53 -66.18 -90.9 -26.66 -6.36 -67.14 -402.84 -49.38 87.43 87.05 -39.08 67.94 -92.43 95.61 -69.97 38.47 -40.19 54.64 9.36 -61.77 29.73 50.18 401.44 85.48 -72.1 -88.83 -37.71 -42.9 -28.05 51.04 -54.44 79.02 81.84 13.05 -46.85 -74.04 -25 50 32.71 81.46 -82.72 45.26 -50.98 458.82 15.64 -72.2 -66.73 -25.05 -58.29 -16.01 -90.25 -4.62 30.73 69.38 10.53 -46.34 -85.45 -83.06 -28.14 77.53 -6.81 -30.11 -33.53 -35.34 -20.17 20.42 -28.23 -25.5 7.73 -92 2.54000000000001 -85.03 31.9 73.64 589.12 -81.8 -14.95 -94.51 48.13 50.08 -4.11 5.13 67.01 51.53 -47.73 -7.98 -35.74 -87.16 -62.43 -22.94
-7.76000000000001 89.44 -60.79 -83.18 -16.45 81.57 53.79 47.62 -60.19 -37.28 52.23 50.21 -94.72 -15.79 14.89 31.71 190.26 61.25 -9.05 -45.96 -45.83 55.68 -94.81 -50.81 -79.65 -3.87 -46.4 -92.31 16.53 -80.71 -80.63 74.7 597.6 2.96000000000001 -20.98 -39.05 15.02 72.65 -69.1 37.9 -27.5 70.86 -11.75 99.7 92.13 -10.76 35.22 -70.44 30.64 -5.72 -11.76 -32.52 8.27 -74.43 59.86 -33.13 -5.48999999999999 -55.12 -61.01 28.36 -22.21 17.42 33.62 26.95 -71.7 27.43 -35.77 70.96 -53.28 39.38 44.43 -38.65 -76.47 54.97 60.5 3.04000000000001 68.72 -15.2 -98.32 33.69 46.02 85.09 -89.3 44.37 354.96 8 38.7 -81.22 -1.88 37.6 64.29 -66.84 96.4 1.5 3.87 -13.11 -18.73 26.19 -51.88 -31.15
-75.78 -17.98 4.60000000000001 53.4 35.12 36.81 49.77 57.75 -91.35 -8.78 67.87 -57.34 6.39 -18.41 -89.68 53.58 321.48 39.33 38.99 -72.67 96.64 -48.85 -11.4 -80.69 59.51 -49.74 -59.12 -16.54 82.6 43.96 88.65 85.85 686.8 89.86 -0.450000000000003 86.74 -53.72 66.32 -21.11 84.08 -58.75 -55.15 48.82 -32.99 -13.83 12.06 -41.8 83.6 -87.12 7.2 91.17 -76.73 17.04 -153.36 -39.48 25.86 -8.03999999999999 -45.61 74.79 8.79000000000001 70.94 0.379999999999995 8.45 -45.79 -98.28 83.26 -40.59 -7.08 7.62 -80.04 -25.46 -98.51 -56.77 3.04000000000001 -79.99 94.03 -1.67999999999999 -61.6 93.79 -31.55 -69.12 18.16 3.92 49.56 396.48 -93.87 66.24 41.11 40.11 -30.69 1.14 -40.13 7.68000000000001 45.09 57.42 32.05 -95.96 -49.2 -34.92 96.72
-27.31 32.02 -36.96 35.41 -99.1 -65.07 26.85 -29.12 -24.4 41.54 22.31 35.63 -16.02 49.85 41.54 -43.23 -259.38 -32.03 -69.76 -32.01 59.21 -38.59 46.5 90.53 81.07 -77 38.79 41.07 70.52 -69.56 -62.52 -96.08 -768.64 15.3 -38.53 39.5 -24.51 62.49 -21.46 72.9 98.85 81.06 -11.35 -12.23 -46.86 -64.02 44.46 -88.92 55.26 61.74 -12.34 -79.5 11.54 -103.86 35.03 -17.21 -81.18 -20.17 -32.37 -41.11 -25.16 -22.95 -78.96 0.689999999999998 -80.75 -19.5 -34.28 -41.71 92.87 68.26 -73.33 39.18 35.03 -5.19 -10.71 -56.65 -69.62 50.18 13.61 64.26 39.14 68.03 -22.85 77.34 618.72 -18.09 31.24 -30.03 78.57 52.44 35.38 -88.68 40.62 89.16 -54.63 83.17 0.629999999999995 92.4 -67.12 -63.23
-86.04 -64.94 -99.72 -94.31 44.12 -96.42 15.36 29.19 90.36 -26.65 65.32 -11.4 -81.12 -70.43 61.04 -98.6 -591.6 24.96 70.88 27.34 -11.8 93.42 32.92 -94.72 -15.02 -89.38 86.2 -69.28 -47.8 19.42 -65.79 -87.2 -697.6 8.40000000000001 -40.84 -93.69 37.99 -68.93 93.69 -92.32 -67.47 9.46000000000001 96.39 21.11 -20.02 93.56 -45.87 91.74 11.86 56.58 -61.42 30.54 -16.2 145.8 83.68 -13.87 76.1 -16.77 -29.81 21.18 92.59 15.89 -68.07 -49.31 14.29 -60.42 -38.99 91.99 60.72 82.63 39.6 75.91 89.67 30.63 -56.81 -87.43 62.42 -26.03 -51.39 10.26 -26.71 -41.8 35.33 17.52 140.16 -35.69 61.69 -82.41 -63.69 67.57 32.97 50.04 46.46 -11.17 36.83 9.59 -67.19 27.42 -95.32 -62.73
40.81 67.84 -19.73 38.26 94.79 2.7 99.04 57.1 -20.45 58.21 21.22 -63.18 66.1 -86.46 98.75 32.45 194.7 34.18 -8.45999999999999 48.19 84.8 -73.61 78.32 -15.73 0.490000000000009 -62.14 -60.59 33.91 -70.43 22.8 66.2 -14.58 -116.64 -59.51 -89.11 -11.98 5.28 -85.33 77.36 91.61 43.19 -28.77 -1.67 -98.71 56.8 -98.87 49.56 -99.12 8.16 -99.86 -90.41 39.39 75.75 -681.75 21.76 73.63 -95.06 3.36 -19.81 15.27 -40.09 -83.18 -85.75 51.76 -69.12 22.98 -79.08 -38.44 86.97 -36.95 37.61 83.77 14.77 -11.29 -28.08 -64.85 -71.94 80.55 75.09 87.04 97.03 -58.54 11.86 71.83 574.64 62.46 94.33 -88.47 -81.06 -99.13 77.92 -15.86 72.43 -22.36 -26.68 78.86 34.26 -5.77 -29.61 94.74
-43.7 -79.79 80.5 42.32 -3.89999999999999 6.99000000000001 -58.24 -32.68 -22.3 74.57 12.81 -7.89 23.93 17.61 36.79 -78.19 -469.14 31.41 23.86 43.15 41.66 -75.63 -81.24 54.94 -8.45999999999999 -93.71 -67.07 -42.6 92.04 -19.88 -5.91 67.54 540.32 70.51 -72.19 -27.92 -94.11 -96.24 60.08 52.35 -59.29 58.04 -91.52 53.28 -72.2 -55.65 -79.71 159.42 23.76 64.14 -15.34 -32.04 -40.54 364.86 54.32 74.36 50.98 -22.43 -54.39 6.07000000000001 -27.51 -17.5 -32.93 1.77 -42.28 -11.63 -26.61 -33.83 -6.75 -83.48 16.01 -26.05 42.18 91.54 -7.3 -49.44 -45.18 40.11 91.89 -53.38 -47.21 63.36 -97.28 7.17 57.36 14.12 3.47 -74.1 81.49 -84.67 -52.26 -52.79 -39.64 80.61 -98.32 -44.9 -6.83 -81.24 -92.99 2.86
-99.16 -71.58 -32.52 22.61 89.69 34.17 34.83 2.94 35.18 -6.34999999999999 -61.25 76.85 -14.23 87.62 -38.59 27.61 165.66 -18.47 5.69 -95.65 -40.06 -57.37 2.79000000000001 98.19 38.61 7.63 -70.76 -15.89 12.87 -57.91 -11.37 -74.67 -597.36 -94.88 64.39 36.3 90.13 -64.42 -23.18 90.93 35.55 -12.49 63.58 0.120000000000005 86.41 28.47 -17.36 34.72 75.41 0.620000000000005 78.93 -1.91 -67.1 603.9 13.27 -28.76 83.92 43.58 -44.88 -58.27 78.09 -97.37 46.35 -75.71 -85.57 79.5 51.62 -78.42 -57.79 -21.97 -96.3 -42.77 94.69 -16.01 70.8 -53.28 -59.09 12.04 -44.43 32.95 -44.92 10.58 -25.77 -74.4 -595.2 -37.24 31.27 -71.47 70.59 -11.51 47.28 -15.01 -13.25 80.78 48.65 -76.72 17.35 -83.41 -75.07 25.94
92.92 8.68000000000001 -24.44 60.42 -38.11 -81.61 92.07 10.17 92.11 -72.53 -51.5 -9.14 38.9 29.72 34.12 39.9 239.4 17.26 82.32 10.87 -36.46 -68.02 19.9 75.43 -70.94 51 -33.72 26.23 29.83 68.55 -46 -82.93 -663.44 69.56 -60.42 28.51 98.76 76.01 57.04 5.55 -61.2 -93.63 -65.56 -98.14 10.06 -65.46 62.28 -124.56 -9.73 57.39 -97.41 84.45 -98.4 885.6 4.3 -13.91 -14.18 -12.74 -22.54 -30.44 -15.27 48.14 -82.54 -13.2 95.18 -95.02 -0.539999999999992 -26.33 93.89 91.57 24.41 -42.62 -37.74 29.81 -34.63 88.47 -14.14 98.15 17.1 82.35 -82.37 -28.17 47.79 64.8 518.4 -29.54 -62.69 50.42 73.2 76.55 13.81 -38.99 -31.71 84.69 -51.71 14.85 -13.72 -69.51 89.53 33.47
19.72 -4.72 -10.98 3.60000000000001 22.74 55.69 97.59 -96.54 -36.58 11.71 1.79000000000001 -57.15 89.76 15.41 25.38 3.23 19.38 54.74 99.69 -91.47 41.23 -64.1 -60.47 75.81 23.34 65.08 71.35 -4.13 95.4 97.47 -81.68 57.43 459.44 75.89 80.17 5.25 -24.37 23.02 87.26 26.01 -26.76 -4.98999999999999 86.23 24.17 15.64 99.62 -95.76 191.52 30.78 -53.44 -98.14 -36.89 -30.06 270.54 49.67 -15.72 79.53 33.02 2.54000000000001 62.15 20.74 -91.33 -5.95 -89.45 -4.23999999999999 52.29 -55.46 66.65 16.6 47.32 20.38 -91.7 36.94 0.0100000000000051 31.43 -70.25 -79.5 -95.6 -4.81 -48.69 -46.44 -94.67 -90.43 -75.33 -602.64 19.96 -96.95 62.96 -71.84 47.18 -15.26 83.65 76.03 -93.9 46.41 -13.7 -14.57 69.31 6.44 59.53
9112.99306384563 -22517.1640321383 39305.6440813013 -27763.4392750468 -24661.2998628541 -37601.8178203403 -21732.5340299671 54696.5588971769 -19172.19708295 36735.1293340615 30452.1962620542 -34329.0628991883 21579.4305895984 -63101.0324950626 64979.1321081819 -61818.8247011113 -70951.2349894375 64810.8228806834 66264.9618586978 -47767.5002597599 -22400.7759326344 44290.8010374721 -78730.3796624159 -32046.8363011501 -48820.3042876869 -41042.3736323711 -58188.2035811982 42244.0818254157 17781.1961124287 28390.9617056694 15935.6932911731 -39204.2946214159 -33347.8574058668 29521.731857699 57712.8992331841 -372.844074184412 15429.0769677025 -28346.8511520145 -8647.06703211685 -37153.1120203439 11620.6899393687 -31028.5434560035 -4266.79847595316 -46322.1930041755 26909.3921053082 -42883.0059704415 42220.8874859708 19217.4449631901 67506.3502774717 54128.0845774607
