#     0: obj = -22852.000000
#     1: obj = -22852.000000
#     2: obj = -22852.000000
#     4: obj = -22852.000000
#     8: obj = -21156.447112
#    16: obj = -19627.387553
#    32: obj = -17007.265782
#    64: obj = -12599.950725
#   128: obj = -8928.182751
#   211: optimal, obj = -7095.334431
optimal
 1 -1 1 0 1 0 1 1 -1 0 1 -1 0 0 1 -1 0 1 1 0 0 0 0 0 1 0 0 -1 1 1 1 1 0 -1 -1 1 0 0 0 0 1 0 1 0 -1 1 -1 0 0 0 0 0 1 0 0 -1 0 -1 1 0 0 0 0 0 1 -1 0 0 1 1 0 -1 0 0 0 0 -1 0 0 1 0 0 1 -1 0 0 0 1 -1 1 0 -1 0 1 0 1 -1 -1 -1 -1 1 1 -1 -1 1 -1 1 1 -1 -1 1 1 1 -1 -1 1 1 1 -1 -1 -1 1 -1 -1 -1 -1 -1 -1 1 1 1 -1 1 1 1 1 1 -1 1 1 1 -1 1 -1 1 -1 -1 -1 -1 -1
