#     0: obj = -36451.000000
#     1: obj = -36451.000000
#     2: obj = -36451.000000
#     4: obj = -36451.000000
#     8: obj = -35061.475634
#    16: obj = -33263.058306
#    32: obj = -30358.132056
#    64: obj = -25806.421604
#   128: obj = -21624.136761
#   256: obj = -17287.421611
#   292: optimal, obj = -17092.188022
optimal
 0 -1 0 1 1 1 -1 -1 1 0 -1 0 -1 0 1 1 0 1 0 -1 0 0 0 -1 0 0 -1 0 1 0 -1 -1 1 -1 -1 1 0 -1 1 1 1 0 1 0 0 0 -1 0 1 1 0 0 1 0 1 -1 1 0 1 0 0 -1 0 1 0 1 0 0 -1 0 0 0 0 0 1 1 -1 1 -1 -1 1 1 1 -1 0 0 1 1 0 0 0 -1 -1 0 0 0 -1 0 1 0 0 1 0 -1 -1 0 1 0 1 0 -1 0 0 0 0 0 -1 0 1 1 -1 0 0 -1 0 0 0 0 0 0 0 1 1 -1 0 -1 -1 -1 1 1 0 0 1 0 0 -1 1 1 1 1 1 1 -1 -1 -1 1 1 -1 -1 1 -1 1 1 -1 -1 1 -1 1 -1 -1 -1 -1 1 1 -1 -1 1 -1 -1 1 -1 1 -1 1 -1 -1 1 1 -1 1 1 1 1 -1 -1 -1 -1 -1 -1 1 1 -1 1 1 -1 -1 1 -1 1 -1 1 -1 1 -1 -1 -1 -1 -1 -1 1
