#     0: obj = -50191.000000
#     1: obj = -50191.000000
#     2: obj = -50191.000000
#     4: obj = -50191.000000
#     8: obj = -47354.486495
#    16: obj = -44840.404670
#    32: obj = -38283.022334
#    64: obj = -24967.281354
#   128: obj = -13264.330387
#   256: obj = -4138.296854
#   507: infeasible
infeasible
 0 -1 0 0 1 -1 1 1 0 0 0 -1 -1 0 1 0 0 0 1 -1 0 0 0 0 0 0 -1 1 1 0 -1 1 0 1 -1 1 0 1 -1 0 1 0 -1 0 0 -1 0 1 0 -1 1 0 -1 1 -1 -1 1 1 1 -1 0 -1 0 1 0 1 0 1 0 0 0 0 1 0 1 1 0 1 1 1 1 0 -1 0 0 1 1 0 0 0 1 1 0 -1 -1 -1 0 1 -1 0 0 1 0 1 0 1 0 0 1 1 1 0 -1 -1 0 1 1 1 0 1 0 0 0 -1 -1 0 0 0 1 1 0 1 1 0 -1 1 0 1 -1 1 1 0 0 1 0 0 0 -1 0 1 0 -1 1 1 0 -1 1 -1 -1 -1 -1 -1 1 0 -1 -1 1 -1 0 -1 1 -1 0 -1 0 -1 -1 0 0 1 0 0 -1 0 0 0 0 -1 -1 0 1 0 0 -1 0 0 0 0 0 1 1 -1 1 1 -1 -1 1 -1 1 -1 1 -1 1 1 -1 1 1 -1 1 -1 -1 -1 -1 1 1 -1 -1 -1 -1 1 -1 -1 -1 1 -1 -1 -1 -1 1 1 -1 1 -1 1 -1 1 -1 -1 -1 -1 -1 1 -1 -1 1 -1 1 1 -1 -1 1 1 -1 1 -1 -1 -1 1 1 -1 -1 -1 1 -1 1 1 -1 -1 -1 -1 -1 1 -1 -1 -1 1 -1 -1 1 -1
