#     0: obj = -100191.000000
#     1: obj = -100191.000000
#     2: obj = -100191.000000
#     4: obj = -100191.000000
#     8: obj = -100191.000000
#    16: obj = -100191.000000
#    32: obj = -98422.311855
#    64: obj = -93471.983700
#   128: obj = -87645.473668
#   256: obj = -80867.781249
#   512: obj = -70166.581261
#   737: optimal, obj = -68047.085897
optimal
 1 -1 -1 -1 -1 1 -1 -1 1 0 0 -1 0 0 1 -1 -1 1 -1 1 0 -1 -1 -1 1 0 1 -1 1 1 -1 1 0 -1 0 1 -1 -1 0 1 1 -1 1 1 -1 1 -1 -1 1 1 1 -1 0 0 1 0 -1 -1 1 0 -1 -1 0 0 0 -1 1 0 0 1 -1 -1 0 1 -1 1 0 1 -1 1 1 0 1 -1 1 -1 1 -1 -1 -1 1 -1 1 0 0 0 -1 -1 1 1 -1 1 1 -1 1 -1 1 0 1 -1 -1 0 -1 0 1 1 0 1 1 1 -1 0 0 -1 -1 0 1 1 1 -1 1 0 1 1 0 0 -1 -1 1 1 1 -1 0 -1 0 0 -1 0 1 1 1 -1 -1 0 1 1 -1 0 -1 0 -1 1 1 0 0 1 1 1 1 1 0 1 0 1 -1 0 -1 0 0 1 -1 1 -1 -1 0 1 1 1 -1 1 1 -1 -1 0 1 0 1 -1 -1 1 -1 -1 1 1 1 0 1 -1 0 1 1 -1 -1 0 -1 1 1 0 1 1 0 -1 0 0 -1 -1 0 1 -1 -1 1 -1 -1 -1 -1 -1 -1 1 1 -1 0 1 0 1 1 1 0 -1 1 -1 1 -1 0 -1 0 1 0 1 -1 -1 0 -1 -1 0 -1 1 1 1 1 1 1 1 0 1 1 -1 -1 1 1 1 1 0 -1 0 -1 1 -1 -1 -1 1 1 1 -1 1 -1 1 -1 0 1 0 1 1 0 -1 0 0 0 -1 -1 1 1 -1 -1 -1 1 -1 -1 0 -1 -1 1 0 -1 0 1 -1 0 0 -1 1 -1 1 0 1 -1 -1 -1 0 0 1 -1 1 0 0 -1 1 0 1 -1 1 1 0 -1 0 1 0 0 0 1 -1 0 -1 1 0 -1 -1 -1 -1 0 -1 1 1 1 0 0 1 0 -1 1 1 -1 0 1 1 1 -1 1 -1 0 1 -1 -1 -1 1 1 1 -1 1 1 1 1 1 1 1 -1 -1 -1 -1 1 -1 1 -1 1 1 1 -1 -1 -1 -1 -1 -1 -1 1 -1 -1 -1 1 1 -1 -1 1 -1 -1 -1 1 -1 1 -1 1 1 1 -1 1 1 -1 -1 -1 1 1 1 -1 1 -1 -1 1 -1 1 -1 1 -1 1 1 -1 1 1 -1 1 1 1 1 -1 -1 -1 -1 1 -1 1 -1 -1 -1 1 1 -1 -1 -1 1 -1 1 -1 -1 -1 -1 -1 1 1 1 1 -1 1 -1
