#     0: obj = -178518.000000
#     1: obj = -178518.000000
#     2: obj = -178518.000000
#     4: obj = -178518.000000
#     8: obj = -178518.000000
#    16: obj = -178518.000000
#    32: obj = -178518.000000
#    64: obj = -169175.625746
#   128: obj = -155246.299700
#   256: obj = -136063.595360
#   512: obj = -105501.357481
#  1024: obj = -61071.607142
#  2048: obj = 7097.707310
#  2179: infeasible
infeasible
 0 1 -1 0 0 1 1 1 -1 0 -1 -1 -1 1 -1 -1 1 1 1 1 -1 -1 1 0 1 -1 -1 1 1 -1 1 -1 -1 1 0 1 0 1 0 0 1 0 0 -1 -1 0 1 0 1 1 -1 -1 -1 -1 -1 1 0 -1 0 1 1 1 0 0 0 1 -1 0 0 1 0 -1 1 -1 0 -1 -1 1 1 0 1 -1 -1 1 1 1 -1 -1 1 1 -1 -1 0 1 -1 -1 1 1 1 -1 -1 1 1 1 -1 -1 1 -1 -1 1 -1 1 0 -1 0 1 -1 -1 1 -1 1 -1 -1 1 1 -1 -1 1 1 -1 1 0 -1 0 0 -1 0 0 0 1 1 1 1 0 0 -1 -1 1 -1 1 0 1 0 1 0 1 -1 0 1 0 0 1 1 1 -1 1 0 1 -1 0 -1 1 0 1 -1 -1 -1 0 0 1 -1 -1 -1 0 -1 1 0 -1 1 -1 -1 1 -1 -1 0 1 -1 -1 1 1 1 1 1 1 1 0 1 0 1 1 1 1 1 0 0 0 1 0 -1 -1 -1 -1 0 1 -1 0 0 -1 0 0 -1 -1 0 -1 1 1 0 0 1 0 -1 0 0 -1 1 -1 1 -1 1 1 1 1 1 -1 0 -1 1 0 -1 -1 1 1 1 1 0 -1 1 0 1 -1 -1 1 1 -1 1 1 0 0 1 0 1 0 -1 -1 1 0 0 0 1 1 -1 -1 1 -1 0 -1 -1 0 -1 0 -1 0 1 -1 1 1 0 1 0 -1 -1 1 1 0 -1 1 -1 -1 1 1 -1 1 -1 0 -1 -1 0 1 -1 0 1 1 1 1 -1 1 1 -1 -1 1 1 -1 -1 1 -1 -1 -1 -1 0 1 0 0 1 0 1 -1 1 -1 1 0 0 -1 1 1 1 0 1 -1 0 -1 -1 -1 1 -1 1 -1 -1 -1 0 -1 -1 0 0 -1 1 1 -1 1 1 -1 -1 -1 1 0 1 1 0 0 -1 0 -1 -1 -1 -1 0 -1 0 0 -1 1 0 1 -1 -1 -1 1 1 -1 -1 -1 1 -1 1 -1 0 -1 1 1 1 -1 -1 -1 1 1 0 -1 -1 1 1 1 0 -1 1 -1 -1 1 1 -1 0 0 -1 1 1 0 1 0 1 -1 1 1 -1 0 1 0 1 0 -1 -1 -1 0 1 -1 0 0 -1 0 -1 -1 -1 0 1 0 0 0 -1 -1 1 -1 -1 -1 -1 -1 1 1 -1 -1 1 0 1 1 0 1 0 -1 -1 1 1 -1 1 1 -1 1 1 1 -1 1 0 0 -1 -1 1 1 0 1 0 -1 -1 -1 -1 -1 -1 -1 -1 -1 1 1 1 -1 0 0 0 1 1 -1 -1 0 -1 0 0 -1 1 -1 1 0 -1 0 0 0 -1 -1 0 1 1 -1 -1 -1 -1 -1 1 -1 -1 1 1 -1 0 1 1 1 -1 0 0 1 0 0 -1 0 -1 1 1 1 -1 -1 1 1 -1 -1 1 -1 1 1 1 -1 -1 0 1 0 -1 -1 -1 0 -1 1 1 1 -1 0 1 0 -1 1 -1 -1 1 0 1 1 1 1 0 0 0 0 -1 0 0 1 1 0 1 1 1 1 1 1 1 -1 1 0 -1 0 -1 0 -1 -1 -1 1 -1 0 0 -1 1 0 -1 0 -1 0 0 1 1 -1 1 1 0 -1 -1 -1 0 0 -1 0 -1 -1 0 0 1 0 -1 -1 1 1 0 1 0 1 0 1 1 -1 0 -1 1 1 -1 -1 -1 -1 1 -1 -1 -1 1 1 1 -1 1 1 -1 -1 -1 -1 1 -1 -1 1 -1 -1 -1 -1 1 -1 -1 1 1 1 1 -1 -1 -1 1 -1 1 -1 1 1 1 -1 -1 -1 -1 1 1 -1 1 1 -1 -1 -1 1 1 -1 1 -1 1 -1 -1 -1 1 -1 -1 1 1 1 1 1 1 -1 -1 1 -1 -1 -1 -1 -1 -1 -1 1 1 -1 -1 1 -1 -1 1 -1 -1 -1 1 -1 -1 1 -1 -1 1 -1 1 -1 -1 1 1 1 1 -1 -1 -1 1 -1 -1 1 1 1 -1 1 1 -1 1 -1 -1 1 1 -1 -1 -1 -1 -1 1 1 1 -1 -1 1 1 -1 1 1 1 1 -1 1 1 -1 -1 -1 -1 -1 -1 1 -1 -1 1 -1 -1 1 -1 1 1 -1 -1 -1 -1 1 1 -1 1 -1 1 -1 -1 1 -1 -1
