#     0: obj = -202424.000000
#     1: obj = -202424.000000
#     2: obj = -202424.000000
#     4: obj = -202424.000000
#     8: obj = -202424.000000
#    16: obj = -202424.000000
#    32: obj = -202424.000000
#    64: obj = -200847.739693
#   128: obj = -193622.958855
#   256: obj = -180954.098463
#   512: obj = -166041.784622
#  1024: obj = -146029.967877
#  2048: obj = -131589.511000
#  2218: optimal, obj = -131222.143243
optimal
 1 0 1 1 0 0 -1 1 0 0 1 1 1 1 1 -1 -1 -1 -1 0 1 1 1 -1 1 1 1 -1 1 0 0 1 0 -1 -1 1 1 0 0 1 1 -1 1 1 -1 0 -1 -1 0 0 1 0 1 -1 1 -1 -1 -1 1 1 0 1 0 0 -1 0 -1 0 1 1 -1 0 1 1 1 0 -1 1 -1 1 1 1 1 1 0 1 1 -1 1 -1 1 -1 1 0 -1 -1 -1 1 -1 -1 0 0 1 -1 0 1 1 1 1 -1 -1 1 -1 -1 1 1 0 0 -1 0 -1 -1 -1 -1 -1 -1 1 -1 1 -1 1 1 1 0 0 -1 -1 -1 1 1 1 -1 1 -1 0 0 -1 1 1 -1 0 -1 -1 1 1 1 1 -1 -1 0 0 0 0 1 0 1 1 -1 0 1 -1 -1 0 1 -1 1 -1 0 1 1 -1 0 -1 -1 1 1 -1 0 -1 1 1 0 0 -1 -1 0 1 -1 0 0 1 -1 1 -1 1 -1 -1 -1 0 1 0 0 0 -1 -1 1 -1 1 0 1 1 1 1 1 0 -1 1 1 0 0 1 -1 -1 -1 0 -1 -1 1 1 -1 1 -1 -1 0 1 -1 0 -1 1 -1 1 -1 1 -1 1 -1 0 1 -1 0 1 0 0 0 -1 0 -1 1 1 1 0 1 0 -1 1 -1 0 -1 0 1 1 1 -1 0 1 1 -1 -1 -1 1 1 1 0 1 -1 1 0 -1 0 0 -1 1 1 1 -1 -1 -1 -1 -1 1 0 -1 -1 -1 1 0 0 1 -1 -1 -1 0 -1 0 1 -1 -1 1 1 0 -1 -1 0 1 -1 -1 1 -1 -1 1 1 1 0 -1 0 1 1 0 -1 1 1 1 -1 -1 1 -1 1 1 -1 -1 1 1 -1 -1 -1 -1 -1 -1 1 -1 1 -1 1 1 -1 1 0 -1 1 1 0 0 -1 1 0 0 -1 -1 1 -1 1 -1 -1 1 0 1 1 0 0 1 1 -1 0 0 0 1 1 -1 0 1 -1 -1 0 1 -1 1 -1 0 -1 0 0 -1 0 -1 0 1 1 0 1 1 1 0 1 1 1 0 1 0 0 1 1 0 1 1 0 0 1 -1 1 0 1 1 1 1 -1 1 -1 -1 0 -1 0 0 1 -1 0 -1 -1 1 -1 1 1 -1 -1 -1 -1 -1 -1 1 1 1 -1 1 0 1 0 -1 0 1 1 0 -1 1 1 0 1 1 -1 1 1 1 0 1 -1 -1 -1 -1 1 -1 -1 0 1 1 1 -1 0 1 0 1 -1 0 1 -1 0 1 0 -1 -1 1 -1 -1 1 -1 1 0 0 0 1 1 1 1 -1 0 0 1 -1 1 0 -1 -1 -1 0 -1 1 1 -1 -1 0 -1 1 -1 0 1 1 -1 1 1 -1 0 1 1 -1 1 -1 -1 0 1 1 0 -1 0 1 1 0 1 -1 1 -1 -1 0 -1 0 1 1 1 -1 1 -1 -1 -1 -1 1 1 -1 1 1 0 1 -1 1 1 0 0 1 0 0 0 1 1 -1 0 -1 1 1 0 -1 -1 -1 1 0 1 1 0 1 0 -1 0 -1 0 1 0 1 0 -1 1 0 0 1 1 -1 1 1 0 0 -1 -1 0 -1 1 0 1 -1 -1 -1 -1 1 0 -1 1 0 -1 1 0 -1 0 0 0 -1 -1 1 1 1 -1 -1 0 1 -1 1 -1 1 1 -1 0 -1 1 0 -1 0 1 -1 0 1 -1 1 1 0 0 1 1 0 1 1 1 1 1 -1 0 -1 1 -1 1 1 0 1 1 -1 1 0 -1 1 -1 1 1 0 1 -1 1 -1 0 0 -1 1 0 0 0 1 0 -1 1 0 -1 -1 1 1 1 0 -1 0 -1 -1 1 0 0 -1 -1 -1 0 -1 -1 -1 1 -1 1 -1 0 1 -1 1 0 1 1 1 -1 -1 1 1 1 -1 -1 0 -1 1 1 -1 0 1 1 -1 -1 1 1 -1 1 1 -1 1 1 -1 -1 1 -1 -1 -1 -1 1 -1 -1 -1 -1 1 1 1 -1 -1 1 1 1 1 -1 -1 -1 -1 -1 1 1 1 1 1 1 -1 1 -1 1 1 1 -1 -1 1 -1 -1 1 -1 -1 -1 1 -1 -1 1 1 -1 -1 -1 1 -1 -1 1 -1 1 -1 -1 1 -1 -1 1 -1 -1 -1 -1 -1 1 -1 1 -1 -1 -1 -1 -1 -1 -1 1 1 -1 1 -1 -1 -1 1 1 1 1 -1 1 1 1 1 1 -1 -1 -1 1 1 1 -1 -1 1 1 1 1 -1 1 -1 1 1 -1 1 1 1 -1 1 -1 1 1 -1 1 -1 1 1 1 -1 1 -1 -1 -1 -1 -1 1 1 -1 -1 -1 1 1 -1 -1 1 -1 -1 1 1 1 1 -1 -1 -1 1 1 1 -1 -1 -1 -1 -1 1 1 -1 1 -1 -1 -1 -1 -1 1 1 -1 1 -1 1 1 1 1 -1 1 -1 1 1 1 1 1 1 1 -1
