#     0: obj = -254114.000000
#     1: obj = -254114.000000
#     2: obj = -254114.000000
#     4: obj = -254114.000000
#     8: obj = -254114.000000
#    16: obj = -254114.000000
#    32: obj = -254114.000000
#    64: obj = -252754.169349
#   128: obj = -246525.399428
#   256: obj = -231623.587742
#   512: obj = -204930.255499
#  1024: obj = -181924.879116
#  2048: obj = -155303.722236
#  3184: optimal, obj = -149055.428665
optimal
 1 -1 1 1 0 0 1 0 1 0 1 -1 1 1 1 -1 -1 0 -1 0 -1 1 1 0 1 0 0 -1 1 0 -1 1 1 -1 -1 1 1 0 1 0 0 -1 1 1 -1 0 -1 0 0 0 1 0 1 -1 0 -1 0 1 0 0 0 1 0 0 -1 1 0 -1 -1 1 0 0 1 0 1 1 -1 1 0 -1 1 -1 1 1 1 0 1 1 1 1 0 -1 0 1 -1 1 -1 -1 -1 1 1 1 0 -1 1 0 1 1 1 -1 -1 1 0 -1 1 0 -1 1 1 1 -1 1 -1 -1 -1 1 0 -1 1 0 0 0 1 -1 0 -1 -1 0 0 -1 0 -1 0 -1 0 0 0 1 1 1 0 -1 -1 0 0 0 -1 1 0 0 -1 -1 -1 -1 -1 1 1 1 0 -1 -1 -1 1 -1 -1 1 0 0 -1 1 0 0 0 -1 0 0 -1 1 0 1 -1 -1 0 -1 1 -1 1 -1 0 0 1 -1 1 0 1 1 1 0 0 1 -1 -1 0 1 -1 1 -1 0 1 1 1 1 1 -1 -1 -1 0 0 -1 1 -1 -1 -1 1 0 0 -1 1 1 0 0 -1 -1 1 1 -1 1 0 0 -1 -1 -1 0 -1 1 -1 1 0 -1 -1 1 -1 1 0 -1 1 1 1 1 0 1 1 1 1 1 -1 0 -1 1 1 1 1 -1 1 0 0 -1 0 -1 1 0 1 -1 1 -1 1 0 -1 1 -1 -1 1 0 -1 -1 -1 -1 -1 -1 1 1 -1 0 -1 0 -1 1 1 -1 1 1 1 -1 1 1 -1 1 1 0 -1 -1 1 0 1 -1 -1 0 -1 0 1 1 1 0 0 -1 1 1 1 0 1 1 -1 0 1 0 1 1 -1 -1 0 -1 1 -1 0 -1 -1 0 1 1 -1 1 0 0 0 0 1 0 -1 -1 -1 0 1 0 0 0 1 1 -1 1 -1 0 0 -1 0 1 -1 0 0 -1 1 1 -1 -1 0 1 -1 0 1 1 1 0 1 0 1 0 0 -1 1 -1 -1 0 -1 -1 1 -1 1 1 -1 0 -1 1 0 1 -1 1 0 -1 -1 1 1 1 1 -1 1 1 1 -1 0 1 1 0 -1 1 1 1 1 0 1 0 0 1 1 1 -1 0 -1 -1 1 0 1 1 0 1 1 0 -1 0 1 0 -1 -1 1 0 0 -1 1 -1 1 1 -1 0 1 1 -1 1 1 1 1 1 0 0 0 0 -1 -1 0 -1 -1 0 1 1 1 1 -1 1 0 0 1 -1 1 0 0 1 -1 -1 -1 -1 0 0 0 -1 1 -1 0 0 -1 1 1 1 0 0 0 0 1 1 1 1 1 -1 1 1 1 -1 0 -1 -1 0 1 0 0 0 1 0 -1 1 1 -1 0 1 1 -1 -1 -1 -1 0 0 1 -1 0 0 1 1 0 0 1 0 -1 -1 0 -1 0 1 0 0 0 1 1 -1 1 -1 1 1 0 1 1 -1 1 -1 -1 1 -1 -1 0 -1 1 -1 1 -1 0 1 0 1 0 0 0 1 -1 0 1 1 0 1 1 1 0 0 -1 -1 0 1 0 1 -1 0 -1 -1 1 0 -1 0 1 0 -1 0 0 -1 0 0 0 1 -1 -1 1 0 -1 -1 -1 0 0 -1 -1 0 -1 -1 1 -1 0 1 1 1 1 0 -1 0 1 -1 -1 -1 -1 1 -1 1 -1 0 0 -1 1 -1 -1 -1 0 -1 1 0 -1 -1 0 1 0 1 1 1 -1 1 -1 -1 0 1 0 1 0 0 1 1 -1 -1 -1 1 0 0 -1 -1 1 0 -1 1 -1 0 0 -1 0 0 1 1 0 1 -1 1 1 0 -1 1 1 0 1 -1 1 0 -1 1 0 -1 -1 -1 -1 1 1 -1 -1 1 -1 -1 -1 1 1 -1 1 1 1 1 -1 -1 -1 -1 1 -1 1 -1 -1 1 0 1 -1 -1 1 1 -1 0 0 1 1 1 0 1 -1 1 -1 -1 1 -1 0 -1 0 -1 0 -1 -1 0 -1 -1 0 0 0 1 1 -1 -1 0 -1 -1 -1 1 -1 0 1 0 0 1 1 -1 -1 0 -1 0 0 1 1 -1 1 1 -1 -1 -1 0 0 -1 0 -1 -1 0 1 -1 1 0 0 1 1 -1 1 1 1 -1 -1 1 1 0 0 -1 0 1 1 0 -1 1 -1 -1 1 -1 0 0 1 -1 -1 0 1 0 0 0 1 0 -1 0 -1 1 1 -1 -1 1 1 -1 1 -1 1 -1 0 -1 0 -1 1 -1 1 -1 -1 1 0 -1 1 1 1 0 -1 0 1 -1 1 1 1 1 1 0 1 1 -1 -1 1 1 -1 1 -1 0 0 1 1 -1 0 1 0 1 0 0 0 0 1 1 0 1 1 0 -1 1 1 0 0 0 1 0 0 0 0 1 0 0 1 1 -1 0 1 -1 0 1 0 -1 1 1 0 1 0 0 -1 0 1 -1 1 1 1 1 1 1 -1 -1 -1 -1 1 1 -1 -1 -1 1 1 1 1 -1 -1 1 -1 1 -1 1 1 1 1 1 -1 1 1 1 -1 1 -1 -1 1 -1 -1 1 1 -1 -1 -1 1 -1 1 -1 -1 -1 1 1 1 1 -1 -1 -1 -1 1 1 -1 1 1 1 1 1 1 1 -1 -1 1 -1 1 1 1 1 1 -1 1 -1 -1 1 -1 1 -1 1 1 1 1 1 1 -1 1 -1 -1 1 1 1 -1 1 -1 1 -1 -1 -1 1 1 1 1 -1 1 -1 1 -1 -1 1 1 -1 -1 -1 1 1 1 -1 1 1 1 1 -1 -1 1 -1 1 1 -1 -1 1 -1 -1 1 -1 -1 1 -1 1 1 -1 -1 -1 -1 -1 1 -1 1 -1 -1 -1 1 -1 -1 1 1 -1 -1 -1 1 1 -1 -1 1 1 1 1 -1 -1 1 1 1 -1 -1 1 -1 1 -1 1 1 1 -1 1 -1 -1 1 -1 1 -1 1 1 1 1 -1 1 -1 1 -1 1 1 1 -1 1 1 -1 1 1 1 1 -1 1 -1 1 -1 1 -1 1 1 1 1 -1 -1 -1 1 1 1 1 -1 1 -1 -1 -1 -1 1 1 -1 1 1 1 -1 1 1 1 -1 1 1 -1 -1 -1 1 -1 1 -1 -1 1 1 1 1 1 1 -1 1 1 1 -1 -1 1 -1 -1 -1 1 1 -1 -1 -1 -1 -1 1 1 1 1 1 -1 1 -1 1 -1 1 1 1
