10 14
-9 9 9 -6 0 0 0 0 0 0 0 0 0 0
-16 -7 -21 -12 -879 -212 -890 -534 -593 -138 -88 -622 -459 -851
5 4 16 21 121 788 110 466 407 862 912 378 541 149
-6 0 -9 -25 -1 0 0 -2 -2 0 0 0 0 0
-12 48 -66 -66 -1 1 0 0 0 0 0 0 0 0
-31 41 27 -8 0 0 1 0 0 0 0 0 -2 0
13 4 6 8 0 0 0 1 0 0 0 0 0 0
-13 8 -18 -12 0 0 0 0 1 0 0 0 0 0
-32 1 8 28 0 0 0 0 0 1 0 0 -2 1
32 3 -11 -11 0 0 0 1 0 0 1 0 0 0
1 39 6 -22 0 0 2 0 0 0 0 1 0 0
-45 71 45 -21 0 0 2 0 0 0 0 0 -3 0
-37 -44 75 84 1 -1 0 0 0 0 0 0 -2 1
2424 1402 -214 -422 -167 98 -270 -2456 -809 -1220
