8 16
2 3 3 7 6 8 -4 -2 0 0 0 0 0 0 0 0
-20 -9 -13 -9 -19 -6 -1 -1 -725 -71 -804 -363 -416 -858 -543 -812
7 16 20 20 13 6 19 2 275 929 196 637 584 142 457 188
-53 16 5 -13 14 -42 8 33 1 0 0 0 2 0 -1 0
-13 -5 46 -8 -25 -19 -25 13 2 1 0 0 0 0 0 0
11 -2 -16 7 11 -19 -2 -17 0 0 1 0 0 0 0 0
33 -12 35 12 -38 38 -13 -31 0 0 0 1 -2 0 0 0
-4 16 -71 15 67 49 68 17 -4 -2 -1 0 1 1 0 0
22 -8 -14 28 39 -33 -3 -26 0 0 2 0 0 1 0 0
53 -19 14 15 -23 32 -28 -30 0 0 0 0 -2 0 1 0
-18 -17 15 -13 16 12 12 17 0 0 0 0 0 0 0 1
-409 -2002 -609 -197 4099 -1652 -540 -932
