10 16
8 1 0 -6 9 4 0 0 0 0 0 0 0 0 0 0
-19 -22 -20 -10 -20 -15 -191 -833 -823 -446 -817 -821 -957 -692 -739 -75
16 6 21 7 2 17 809 167 177 554 183 179 43 308 261 925
-13 18 -17 1 -2 2 1 0 0 0 0 0 0 0 0 0
212 -110 109 -52 56 33 -10 1 2 1 -4 -1 0 1 0 0
93 -44 31 -12 27 11 -4 0 1 0 -2 0 0 0 0 0
24 -29 -41 -11 -18 -51 -2 -1 0 2 0 -1 0 -1 0 -2
-46 31 -17 8 -23 -10 2 0 0 0 1 0 0 0 0 0
-102 57 -51 21 -25 -11 6 0 -1 -1 2 1 0 0 0 0
-15 -19 -12 14 -13 -12 0 0 0 0 0 0 1 0 0 0
9 22 -2 -4 -13 19 2 0 0 -1 0 1 0 1 0 0
-10 3 3 4 18 11 0 0 0 0 0 0 0 0 1 0
-17 18 18 12 4 19 0 0 0 0 0 0 0 0 0 1
168 -931 29 348 -250 195 -343 169 -881 -70
