20 24
-3 3 6 -4 0 0 0 0 0 0 0 0 0 0 0 0 0 0 0 0 0 0 0 0
-22 -11 -21 -2 -722 -430 -150 -848 -12 -261 -986 -863 -317 -821 -375 -951 -994 -718 -115 -488 -782 -183 -448 -352
0 8 17 15 278 570 850 152 988 739 14 137 683 179 625 49 6 282 885 512 218 817 552 648
-34 42 47 52 1 0 0 0 0 0 0 0 0 2 2 0 0 0 0 0 0 0 0 0
-20 -17 14 -2 0 1 0 0 0 0 0 0 0 0 0 0 0 0 0 0 0 0 0 0
-11 33 55 50 0 0 1 0 0 0 0 0 0 1 1 0 0 0 0 0 0 0 0 2
26 5 3 -15 0 0 0 1 0 0 0 0 0 0 0 0 0 2 0 0 0 0 0 0
-6 18 18 17 0 0 0 0 1 0 0 0 0 2 2 0 0 0 0 0 0 -2 0 0
-61 91 86 101 2 0 0 0 1 1 -1 0 0 4 4 0 0 0 0 0 0 0 0 0
-21 -8 11 1 0 1 0 0 -1 0 1 0 0 0 0 0 0 0 0 0 0 0 0 0
-13 26 -27 15 0 0 0 0 -2 0 0 1 0 0 0 0 0 0 0 0 0 0 0 0
-10 25 19 36 0 0 0 0 2 0 0 0 1 4 4 0 0 0 0 0 0 -4 0 0
-8 15 18 23 0 0 0 0 0 0 0 0 0 1 1 0 0 0 0 0 0 0 0 0
0 -3 6 18 0 0 0 0 0 0 0 0 0 0 1 0 0 0 0 0 0 0 0 0
-8 -20 -16 16 0 0 0 0 1 0 -1 0 0 0 0 1 0 0 0 0 0 0 0 0
9 -4 -51 -12 0 0 0 0 0 0 0 0 0 0 0 0 1 0 0 0 -2 0 0 0
132 -186 -176 -205 -4 0 0 0 -2 -2 2 0 0 -8 -8 0 0 1 0 0 0 0 0 0
-59 43 71 96 2 0 0 0 0 0 0 0 4 4 4 0 0 0 1 0 2 0 0 0
-17 -15 6 -3 0 0 0 0 0 0 0 0 0 0 0 0 0 0 0 1 0 0 0 0
-32 7 -2 58 1 0 0 0 0 0 0 0 4 2 2 0 0 0 0 0 1 0 0 0
7 -11 -3 -11 0 0 0 0 0 0 0 0 0 -1 -1 0 0 0 0 0 0 1 0 0
-19 1 10 -16 0 0 0 0 0 0 0 0 0 0 0 0 0 0 0 0 0 0 1 0
2 4 16 19 0 0 0 0 0 0 0 0 0 0 0 0 0 0 0 0 0 0 0 1
-2618 -242 -1988 -2270 -1927 -4483 -1125 -358 -3810 -1089 -363 429 820 8289 -6881 -265 -3267 868 -266 -397
