20 25
-6 -2 -10 -2 7 0 0 0 0 0 0 0 0 0 0 0 0 0 0 0 0 0 0 0 0
-7 -18 -5 -6 -11 -433 -565 -212 -377 -28 -302 -588 -721 -555 -550 -655 -33 -102 -103 -453 -188 -410 -40 -202 -720
12 11 3 14 13 567 435 788 623 972 698 412 279 445 450 345 967 898 897 547 812 590 960 798 280
-19 -10 16 11 -16 1 0 0 0 0 0 0 0 0 0 0 0 0 0 0 0 0 0 0 0
14 -8 -9 14 -4 0 1 0 0 0 0 0 0 0 0 0 0 0 0 0 0 0 0 0 0
0 -52 16 -18 -28 0 0 -1 0 0 0 0 1 0 1 0 0 2 0 0 0 0 0 0 0
52 19 -49 -24 19 0 0 -2 1 0 0 1 0 0 1 0 -2 0 1 0 0 0 -1 0 1
12 -17 -2 19 16 0 0 0 0 1 0 0 0 0 0 0 0 0 0 0 0 0 0 0 0
-19 27 19 -14 14 0 0 2 0 0 1 0 0 0 -1 0 0 0 -1 0 0 0 0 0 0
35 -33 -61 16 -35 0 0 -4 0 0 0 1 0 0 2 0 -2 0 0 0 0 0 0 0 0
-13 -14 5 -2 -20 0 0 0 0 0 0 0 1 0 0 0 0 0 0 0 0 0 0 0 0
13 11 -3 6 17 0 0 0 0 0 0 0 0 1 0 0 0 0 0 0 0 0 0 0 0
20 -43 -1 -10 -24 0 0 -2 0 0 0 0 0 0 1 0 0 2 0 0 0 0 0 0 0
5 8 -5 -16 7 0 0 0 0 0 0 0 0 0 0 1 0 0 0 0 0 0 0 0 0
-16 -6 17 16 -18 0 0 0 0 0 0 0 0 0 0 0 1 0 0 0 0 0 0 0 0
10 -8 4 -19 4 0 0 0 0 0 0 0 0 0 0 0 0 1 0 0 0 0 0 0 0
17 -38 -7 22 -33 0 0 -2 0 0 0 0 0 0 1 0 0 0 1 0 0 0 0 0 0
3 -27 -9 34 -6 0 0 0 0 1 2 0 0 0 0 2 0 -1 0 1 0 0 0 0 0
-20 18 9 8 14 0 0 0 0 0 0 0 0 0 0 0 0 0 0 0 1 0 0 0 0
-17 4 -18 -11 8 0 0 0 0 0 -1 0 0 0 0 0 0 0 0 0 0 1 0 0 0
4 9 0 30 -15 0 0 0 0 0 0 0 0 0 0 0 0 -1 0 0 0 0 1 0 0
-14 18 3 -37 -22 0 0 0 0 -1 0 0 0 0 0 0 0 0 0 0 0 0 0 1 0
-1 -4 15 5 -33 0 0 0 0 0 2 0 0 0 0 0 0 0 0 0 0 0 -1 0 1
-475 -410 -955 -1299 -98 -225 -586 -649 -452 3 -586 -10 43 11 -2188 -49 -188 201 18 -1027
